tick,season,season_tick,total_food,agent_a_energy,agent_b_energy,agent_a_hunger,agent_b_hunger,agent_a_fear,agent_b_fear,agent_a_curiosity,agent_b_curiosity,agent_a_stress,agent_b_stress,agent_a_fatigue,agent_b_fatigue,agent_a_social,agent_b_social,agent_a_food_eaten,agent_b_food_eaten,agent_a_pathways,agent_b_pathways,agent_a_generation,agent_b_generation,distance
100,Spring,100,507.7,87.51,64.76,0.0,0.335,0.241,0.019,0.0,0.0,0.0,0.0,1.0,1.0,0.018,0.018,8,10,19,26,0,0,64.82
200,Spring,200,602.7,31.53,149.03,0.674,0.0,0.273,0.047,0.0,0.0,0.01,0.0,0.09,0.48,0.007,0.007,11,27,23,56,1,1,66.53
300,Spring,300,702.7,114.75,99.0,0.0,0.0,0.164,0.096,0.468,0.449,0.0,0.0,0.09,0.01,-0.002,0.0,4,0,19,27,3,2,77.23
400,Spring,400,800.1,31.59,75.22,0.704,0.231,0.263,0.0,0.0,0.0,0.009,0.0,0.06,1.0,0.002,0.008,1,30,10,58,5,2,69.03
500,Summer,0,890.1,95.23,112.74,0.0,0.0,0.673,0.233,0.0,0.0,0.0,0.0,0.0,0.55,0.014,0.017,16,16,23,45,6,3,53.24
600,Summer,100,1085.2,136.11,38.26,0.0,0.447,0.326,0.062,0.0,0.0,0.0,0.032,0.42,1.0,0.003,0.017,17,23,35,47,7,3,62.63
700,Summer,200,1267.1,81.69,119.97,0.053,0.0,0.527,0.057,0.0,0.0,0.0,0.0,0.0,0.73,0.01,0.011,10,41,26,60,8,4,63.64
800,Summer,300,1448.3,69.62,23.35,0.077,0.751,0.587,0.024,0.0,0.0,0.0,0.092,0.0,1.0,0.009,0.009,30,46,45,61,8,4,58.8
900,Summer,400,1622.9,108.37,92.02,0.0,0.047,0.559,0.106,0.0,0.0,0.0,0.0,0.0,0.84,0.024,0.023,53,25,65,43,8,5,61.29
1000,Autumn,0,1791.1,84.38,142.54,0.0,0.0,0.671,0.272,0.0,0.0,0.0,0.0,0.0,0.25,0.018,0.01,75,14,85,33,8,6,53.74
1100,Autumn,100,1828.7,93.95,16.49,0.0,0.759,0.746,0.097,0.0,0.0,0.0,0.108,0.0,1.0,0.017,0.013,96,19,106,35,8,6,49.2
1200,Autumn,200,1863.5,74.9,95.13,0.097,0.016,0.808,0.331,0.0,0.0,0.0,0.0,0.0,0.75,0.035,0.033,119,14,128,23,8,7,46.07
1300,Autumn,300,1900.1,86.49,48.04,0.036,0.293,0.848,0.344,0.0,0.0,0.0,0.0,0.0,1.0,0.045,0.044,141,29,150,28,8,7,41.73
1400,Autumn,400,1929.2,83.37,75.53,0.088,0.128,0.664,0.198,0.0,0.0,0.0,0.005,0.0,1.0,0.039,0.039,163,40,167,36,8,7,56.8
1500,Winter,0,1962.7,135.76,119.08,0.0,0.0,0.416,0.11,0.0,0.0,0.0,0.0,0.46,0.51,0.027,0.017,196,15,181,37,8,8,60.96
1600,Winter,100,1918.9,106.86,68.89,0.0,0.012,0.601,0.297,0.0,0.0,0.0,0.005,0.47,1.0,0.025,0.021,215,25,188,43,8,8,47.38
1700,Winter,200,1873.1,86.42,50.19,0.0,0.474,0.572,0.093,0.0,0.0,0.0,0.007,0.01,1.0,0.025,0.023,239,34,205,48,8,8,58.0
1800,Winter,300,1824.2,129.76,93.41,0.0,0.098,0.612,0.268,0.0,0.0,0.0,0.038,0.42,1.0,0.026,0.026,271,48,220,57,8,8,50.54
1900,Winter,400,1779.7,84.57,46.54,0.0,0.511,0.389,0.108,0.0,0.0,0.0,0.035,0.28,1.0,0.034,0.034,287,59,231,63,8,8,59.03
2000,Spring,0,1739.8,92.92,40.71,0.019,0.576,0.717,0.128,0.0,0.0,0.0,0.054,0.0,1.0,0.008,0.02,6,71,122,72,9,8,53.85
2100,Spring,100,1823.6,111.27,145.95,0.0,0.0,0.373,0.0,0.0,0.0,0.0,0.0,0.24,0.52,0.006,0.007,9,33,75,73,10,9,71.45
2200,Spring,200,1927.7,83.8,11.18,0.159,0.83,0.52,0.0,0.0,0.0,0.0,0.144,0.0,1.0,-0.001,-0.001,0,36,9,73,13,9,71.7
2300,Spring,300,2009.6,84.82,85.37,0.0,0.0,0.531,0.052,0.0,0.0,0.0,0.0,0.0,0.93,0.017,0.017,23,21,26,62,14,10,63.53
2400,Spring,400,2075.9,69.77,139.0,0.266,0.0,0.588,0.18,0.0,0.0,0.0,0.0,0.01,0.42,0.018,0.012,45,25,47,54,14,11,58.9
2500,Summer,0,2167.1,88.2,10.01,0.0,0.885,0.427,0.0,0.0,0.0,0.002,0.093,0.05,1.0,0.001,0.009,14,30,44,52,15,11,65.8
2600,Summer,100,2328.7,80.94,92.01,0.036,0.0,0.604,0.145,0.0,0.0,0.005,0.0,0.0,0.93,0.018,0.018,35,24,61,39,15,12,57.31
2700,Summer,200,2466.9,99.28,77.18,0.136,0.0,0.715,0.259,0.0,0.0,0.004,0.0,0.01,1.0,0.027,0.027,58,32,81,42,15,12,52.84
2800,Summer,300,2597.7,94.98,91.5,0.0,0.0,0.791,0.359,0.0,0.0,0.004,0.0,0.0,1.0,0.033,0.033,79,40,100,48,15,12,42.49
2900,Summer,400,2712.3,92.76,143.76,0.0,0.0,0.992,0.527,0.0,0.0,0.004,0.0,0.0,1.0,0.085,0.085,97,71,117,57,15,12,33.42
3000,Autumn,0,2805.8,100.75,150.0,0.25,0.0,0.939,0.543,0.0,0.0,0.003,0.0,0.01,1.0,0.12,0.12,116,113,135,78,15,12,33.06
3100,Autumn,100,2789.2,110.41,150.0,0.071,0.0,0.994,0.836,0.0,0.0,0.003,0.0,0.01,1.0,0.225,0.227,135,164,154,112,15,12,14.32
3200,Autumn,200,2789.3,107.43,138.87,0.0,0.0,0.999,0.726,0.0,0.0,0.003,0.0,0.0,1.0,0.246,0.246,151,199,170,134,15,12,20.62
3300,Autumn,300,2790.9,89.21,93.24,0.0,0.0,0.965,0.49,0.0,0.0,0.002,0.0,0.0,1.0,0.186,0.185,168,221,187,138,15,12,35.34
3400,Autumn,400,2796.5,93.87,123.86,0.0,0.0,0.998,0.61,0.0,0.0,0.002,0.0,0.0,1.0,0.196,0.197,188,250,206,152,15,12,28.32
3500,Winter,0,2798.8,90.85,141.0,0.0,0.0,0.999,0.774,0.0,0.0,0.002,0.0,0.0,0.8,0.242,0.243,206,278,224,156,15,12,19.42
3600,Winter,100,2685.0,111.91,149.16,0.0,0.0,0.998,0.809,0.0,0.0,0.002,0.0,0.0,0.66,0.329,0.328,227,335,243,211,15,12,18.44
3700,Winter,200,2601.1,111.06,134.96,0.112,0.0,0.988,0.722,0.0,0.0,0.002,0.0,0.01,0.4,0.382,0.381,246,371,260,245,15,12,24.41
3800,Winter,300,2533.4,146.37,76.59,0.0,0.062,0.429,0.248,0.0,0.0,0.001,0.0,0.44,1.0,0.185,0.184,286,391,272,245,15,12,52.2
3900,Winter,400,2465.0,92.89,25.18,0.0,0.724,0.607,0.009,0.0,0.0,0.001,0.023,0.0,1.0,0.085,0.084,304,403,288,246,15,12,59.62
4000,Spring,0,2410.9,86.58,51.98,0.0,0.43,0.838,0.297,0.0,0.0,0.001,0.0,0.0,0.89,0.06,0.03,324,8,308,127,15,13,44.2
4100,Spring,100,2472.9,145.99,150.0,0.0,0.0,0.519,0.472,0.0,0.0,0.001,0.0,0.5,0.5,0.077,0.058,357,13,325,75,15,14,39.2
4200,Spring,200,2533.6,63.72,148.6,0.352,0.0,0.871,0.737,0.0,0.0,0.001,0.0,0.12,1.0,0.252,0.246,383,49,335,107,15,14,22.8
4300,Spring,300,2580.2,95.47,130.8,0.067,0.0,0.992,0.584,0.0,0.0,0.001,0.0,0.01,1.0,0.187,0.185,401,93,347,137,15,14,28.65
4400,Spring,400,2621.6,107.38,128.13,0.0,0.0,0.998,0.792,0.0,0.0,0.001,0.0,0.0,0.95,0.221,0.221,419,125,360,154,15,14,17.0
4500,Summer,0,2673.9,93.9,121.5,0.0,0.0,0.998,0.996,0.0,0.0,0.001,0.0,0.0,0.0,1.0,1.0,436,128,377,156,15,14,6.32
4600,Summer,100,2767.7,91.25,148.38,0.0,0.0,0.999,0.846,0.0,0.0,0.001,0.0,0.0,0.0,0.729,0.728,457,159,393,169,15,14,17.69
4700,Summer,200,2844.6,110.0,149.19,0.0,0.0,0.999,0.813,0.0,0.0,0.001,0.0,0.0,0.86,0.447,0.448,477,220,402,175,15,14,17.09
4800,Summer,300,2876.2,101.41,150.0,0.236,0.0,0.948,0.948,0.0,0.0,0.001,0.0,0.01,0.98,0.507,0.509,497,277,421,216,15,14,14.14
4900,Summer,400,2912.1,84.49,149.19,0.0,0.0,0.999,0.96,0.0,0.0,0.001,0.0,0.02,0.55,0.635,0.639,516,318,436,254,15,14,13.0
5000,Autumn,0,2965.6,100.11,149.13,0.0,0.0,0.999,0.914,0.0,0.0,0.001,0.0,0.0,0.07,0.585,0.583,538,335,449,260,15,14,15.03
5100,Autumn,100,2943.9,121.13,150.0,0.0,0.0,0.914,0.777,0.0,0.0,0.0,0.0,0.08,0.29,0.569,0.568,570,402,462,271,15,14,25.0
5200,Autumn,200,2900.5,146.26,80.73,0.0,0.189,0.627,0.951,0.0,0.0,0.0,0.0,1.0,0.27,0.349,0.348,655,448,476,273,15,14,28.65
5300,Autumn,300,2855.7,149.26,146.7,0.0,0.0,0.953,0.973,0.0,0.0,0.0,0.0,1.0,0.09,0.355,0.359,715,502,498,314,15,14,14.76
5400,Autumn,400,2830.1,150.0,116.94,0.0,0.11,0.513,0.956,0.0,0.0,0.0,0.0,1.0,0.01,0.393,0.389,775,517,501,329,15,14,34.53
5500,Winter,0,2780.3,150.0,109.76,0.0,0.0,0.758,0.999,0.0,0.0,0.0,0.0,1.0,0.0,0.371,0.367,837,534,534,346,15,14,21.26
5600,Winter,100,2665.6,119.14,94.92,0.0,0.0,0.954,0.999,0.0,0.0,0.0,0.0,0.93,0.0,0.385,0.393,891,551,582,363,15,14,7.07
5700,Winter,200,2590.1,121.27,83.08,0.0,0.031,0.949,0.998,0.0,0.0,0.0,0.0,0.28,0.0,0.884,0.883,904,569,594,381,15,14,12.21
5800,Winter,300,2526.3,95.83,109.38,0.028,0.102,0.999,0.989,0.0,0.0,0.0,0.0,0.01,0.01,1.0,0.998,905,589,593,401,15,14,10.2
5900,Winter,400,2453.7,150.0,97.06,0.0,0.0,0.298,0.76,0.0,0.0,0.0,0.0,0.83,0.0,0.54,0.535,938,608,602,420,15,14,51.62
6000,Spring,0,2392.2,130.67,98.17,0.0,0.0,0.278,0.745,0.0,0.0,0.0,0.0,1.0,0.0,0.224,0.222,957,625,604,436,15,14,48.84
6100,Spring,100,2450.4,147.9,110.2,0.0,0.0,0.844,0.988,0.0,0.0,0.0,0.0,1.0,0.0,0.32,0.317,983,641,604,456,15,14,15.81
6200,Spring,200,2498.9,146.29,89.69,0.0,0.0,0.84,0.998,0.0,0.0,0.0,0.0,0.15,0.0,0.615,0.612,996,660,609,475,15,14,17.0
6300,Spring,300,2536.4,146.2,83.53,0.0,0.118,0.715,0.985,0.0,0.0,0.0,0.0,1.0,0.0,0.328,0.328,1031,678,619,493,15,14,20.02
6400,Spring,400,2566.4,144.0,101.43,0.0,0.0,0.966,0.998,0.0,0.0,0.0,0.0,0.6,0.0,0.594,0.607,1091,698,618,511,15,14,3.61
6500,Summer,0,2591.9,130.21,150.0,0.0,0.0,0.882,0.773,0.0,0.0,0.0,0.0,0.24,0.65,0.502,0.508,1115,778,624,514,15,14,17.69
6600,Summer,100,2671.6,85.64,146.94,0.01,0.0,0.997,0.864,0.0,0.0,0.0,0.0,0.0,0.3,0.704,0.711,1138,829,631,516,15,14,17.09
6700,Summer,200,2721.2,134.51,150.0,0.0,0.0,0.969,0.619,0.0,0.0,0.0,0.0,0.05,0.4,0.378,0.381,1163,878,639,557,15,14,26.93
6800,Summer,300,2780.2,98.6,143.88,0.0,0.0,0.806,0.354,0.0,0.0,0.0,0.0,0.0,1.0,0.211,0.211,1197,912,667,570,15,14,44.92
6900,Summer,400,2828.1,95.56,148.47,0.138,0.0,0.93,0.48,0.0,0.0,0.008,0.0,0.01,1.0,0.133,0.133,1219,937,687,581,15,14,35.17
7000,Autumn,0,2878.4,83.1,140.18,0.088,0.0,0.928,0.444,0.0,0.0,0.007,0.0,0.0,1.0,0.109,0.108,1245,976,703,590,15,14,36.67
7100,Autumn,100,2849.3,150.0,150.0,0.0,0.0,0.859,0.732,0.0,0.0,0.007,0.0,0.15,1.0,0.2,0.2,1278,1046,716,590,15,14,23.85
7200,Autumn,200,2794.2,144.08,150.0,0.0,0.0,0.6,0.371,0.0,0.0,0.006,0.0,0.99,1.0,0.165,0.163,1354,1110,733,590,15,14,44.55
7300,Autumn,300,2782.9,92.64,123.7,0.0,0.0,0.761,0.271,0.0,0.0,0.005,0.0,0.0,1.0,0.104,0.104,1374,1146,746,590,15,14,48.27
7400,Autumn,400,2770.4,110.19,120.55,0.0,0.0,0.696,0.221,0.0,0.0,0.005,0.0,0.0,1.0,0.072,0.071,1392,1169,764,590,15,14,52.0
7500,Winter,0,2756.7,107.3,130.79,0.183,0.0,0.73,0.247,0.0,0.0,0.004,0.0,0.01,1.0,0.059,0.059,1411,1187,780,590,15,14,49.04
7600,Winter,100,2681.7,99.64,80.42,0.0,0.172,0.733,0.234,0.0,0.0,0.004,0.0,0.0,1.0,0.054,0.054,1428,1195,797,590,15,14,50.57
7700,Winter,200,2607.8,93.62,65.57,0.0,0.146,0.792,0.295,0.0,0.0,0.004,0.0,0.0,1.0,0.063,0.063,1447,1207,816,592,15,14,47.0
7800,Winter,300,2536.8,150.0,75.07,0.0,0.0,0.666,0.538,0.0,0.0,0.003,0.0,0.34,1.0,0.071,0.072,1480,1230,829,595,15,14,28.07
7900,Winter,400,2449.8,150.0,106.53,0.0,0.0,0.49,0.331,0.0,0.0,0.003,0.0,1.0,1.0,0.126,0.124,1559,1272,829,595,15,14,48.27
8000,Spring,0,2366.2,148.3,77.03,0.0,0.0,0.498,0.351,0.0,0.0,0.003,0.0,1.0,1.0,0.086,0.086,1617,1288,833,598,15,14,43.42
8100,Spring,100,2385.1,150.0,150.0,0.0,0.0,0.956,0.832,0.0,0.0,0.002,0.0,1.0,0.46,0.129,0.108,1702,30,854,304,15,15,12.04
8200,Spring,200,2416.2,150.0,141.03,0.0,0.0,0.511,0.598,0.0,0.0,0.002,0.0,0.64,1.0,0.302,0.29,1756,67,893,317,15,15,39.32
8300,Spring,300,2455.7,150.0,116.76,0.0,0.0,0.758,0.966,0.0,0.0,0.002,0.0,1.0,0.19,0.225,0.223,1807,93,926,324,15,15,18.36
8400,Spring,400,2487.4,148.3,105.22,0.0,0.0,0.666,0.998,0.0,0.0,0.002,0.0,1.0,0.0,0.355,0.35,1875,112,933,333,15,15,24.84
8500,Summer,0,2527.1,100.57,114.29,0.0,0.0,0.494,0.944,0.0,0.0,0.002,0.0,1.0,0.0,0.206,0.204,1901,131,937,352,15,15,35.23
8600,Summer,100,2594.0,150.0,147.3,0.0,0.0,0.467,0.805,0.0,0.0,0.001,0.0,1.0,0.27,0.13,0.13,1935,182,940,382,15,15,34.99
8700,Summer,200,2677.2,150.0,96.53,0.0,0.176,0.381,0.834,0.0,0.0,0.001,0.0,1.0,0.01,0.109,0.108,1980,197,940,395,15,15,43.27
8800,Summer,300,2742.9,77.49,138.22,0.087,0.0,0.206,0.534,0.0,0.0,0.001,0.0,1.0,0.26,0.078,0.078,2005,240,940,421,15,15,54.38
8900,Summer,400,2810.0,134.58,89.08,0.0,0.049,0.187,0.687,0.0,0.0,0.002,0.0,1.0,0.0,0.059,0.059,2034,255,941,434,15,15,53.54
9000,Autumn,0,2866.5,118.34,106.28,0.0,0.063,0.259,0.742,0.0,0.0,0.002,0.0,1.0,0.01,0.053,0.053,2055,275,941,452,15,15,47.76
9100,Autumn,100,2845.5,150.0,91.73,0.0,0.0,0.328,0.832,0.0,0.0,0.002,0.0,1.0,0.0,0.066,0.066,2108,295,941,464,15,15,44.27
9200,Autumn,200,2820.0,150.0,89.87,0.0,0.041,0.424,0.921,0.0,0.0,0.002,0.0,1.0,0.0,0.075,0.075,2140,313,941,482,15,15,38.08
9300,Autumn,300,2776.8,150.0,99.24,0.0,0.0,0.595,0.997,0.0,0.0,0.001,0.0,1.0,0.0,0.148,0.149,2212,332,941,501,15,15,31.24
9400,Autumn,400,2756.4,105.9,86.15,0.0,0.047,0.204,0.702,0.0,0.0,0.001,0.0,1.0,0.0,0.096,0.096,2250,350,942,518,15,15,54.04
9500,Winter,0,2747.6,81.47,109.23,0.162,0.194,0.318,0.767,0.0,0.0,0.001,0.0,1.0,0.02,0.071,0.071,2272,368,942,535,15,15,44.65
9600,Winter,100,2668.4,128.3,97.59,0.0,0.242,0.41,0.844,0.0,0.0,0.001,0.0,1.0,0.01,0.079,0.079,2307,386,942,553,15,15,39.81
9700,Winter,200,2602.0,104.12,127.44,0.0,0.0,0.419,0.826,0.0,0.0,0.001,0.0,1.0,0.01,0.079,0.079,2330,409,943,566,15,15,38.33
9800,Winter,300,2543.1,73.84,93.12,0.154,0.0,0.255,0.744,0.0,0.0,0.001,0.0,1.0,0.0,0.063,0.063,2344,433,944,574,15,15,50.16
9900,Winter,400,2471.2,136.34,95.3,0.0,0.246,0.124,0.596,0.0,0.0,0.001,0.0,1.0,0.01,0.053,0.053,2382,457,944,589,15,15,58.18
10000,Spring,0,2414.0,136.4,85.39,0.0,0.043,0.347,0.823,0.0,0.0,0.001,0.0,1.0,0.0,0.053,0.053,2404,475,944,602,15,15,43.42
10100,Spring,100,2481.9,150.0,84.18,0.0,0.0,0.498,0.978,0.0,0.0,0.001,0.0,1.0,0.0,0.075,0.076,2426,496,944,611,15,15,33.24
10200,Spring,200,2529.1,140.3,90.65,0.0,0.0,0.477,0.96,0.0,0.0,0.001,0.0,1.0,0.0,0.109,0.109,2475,517,944,630,15,15,36.06
10300,Spring,300,2572.6,105.17,104.09,0.0,0.0,0.26,0.748,0.0,0.0,0.001,0.0,1.0,0.0,0.084,0.083,2501,535,944,648,15,15,48.83
10400,Spring,400,2619.9,25.74,95.99,0.514,0.0,0.134,0.689,0.0,0.0,0.041,0.0,1.0,0.0,0.05,0.049,2519,553,944,665,15,15,53.81
10500,Summer,0,2636.7,150.0,124.44,0.0,0.0,0.727,0.992,0.0,0.0,0.0,0.0,0.2,0.0,0.289,0.309,43,579,507,672,16,15,21.93
10600,Summer,100,2687.6,146.17,82.91,0.0,0.0,0.427,0.874,0.0,0.0,0.0,0.0,0.84,0.02,0.233,0.241,102,603,552,677,16,15,41.23
10700,Summer,200,2772.2,81.03,150.0,0.0,0.0,0.625,0.757,0.0,0.0,0.0,0.0,1.0,0.34,0.135,0.138,117,656,553,681,16,15,22.2
10800,Summer,300,2840.3,137.57,133.31,0.0,0.0,0.987,0.989,0.0,0.0,0.0,0.0,0.07,0.0,0.877,0.886,143,690,558,681,16,15,5.1
10900,Summer,400,2870.7,117.38,150.0,0.0,0.0,0.998,0.645,0.0,0.0,0.0,0.0,0.0,0.37,0.71,0.709,156,741,570,720,16,15,27.46
11000,Autumn,0,2899.5,105.26,118.6,0.0,0.0,0.879,0.422,0.0,0.0,0.0,0.0,0.0,1.0,0.331,0.331,176,786,588,756,16,15,40.31
11100,Autumn,100,2877.9,115.66,142.52,0.132,0.0,0.978,0.671,0.0,0.0,0.0,0.0,0.01,1.0,0.216,0.217,196,809,608,772,16,15,23.43
11200,Autumn,200,2837.8,116.03,150.0,0.0,0.0,0.999,0.666,0.0,0.0,0.0,0.0,0.0,0.99,0.233,0.234,215,860,620,813,16,15,25.81
11300,Autumn,300,2798.8,102.35,150.0,0.0,0.0,0.999,0.876,0.0,0.0,0.0,0.0,0.0,1.0,0.283,0.284,233,913,622,853,16,15,15.0
11400,Autumn,400,2780.3,106.63,150.0,0.085,0.0,0.992,0.9,0.0,0.0,0.0,0.0,0.01,1.0,0.376,0.379,253,949,629,866,16,15,13.15
11500,Winter,0,2752.5,106.06,143.23,0.0,0.0,0.999,0.833,0.0,0.0,0.0,0.0,0.0,0.62,0.494,0.494,272,991,635,892,16,15,17.89
11600,Winter,100,2666.3,150.0,101.02,0.0,0.0,0.861,0.997,0.0,0.0,0.0,0.0,0.24,0.0,0.673,0.668,325,1007,647,898,16,15,16.49
11700,Winter,200,2568.9,143.31,118.28,0.0,0.0,0.98,0.998,0.0,0.0,0.0,0.0,0.58,0.02,0.606,0.604,373,1024,686,913,16,15,8.54
11800,Winter,300,2507.8,78.85,102.28,0.0,0.0,0.993,0.999,0.0,0.0,0.0,0.0,0.1,0.0,1.0,1.0,402,1044,687,924,16,15,3.61
11900,Winter,400,2435.6,106.65,98.95,0.0,0.0,0.958,0.549,0.0,0.0,0.0,0.0,0.0,0.46,0.718,0.715,421,1066,696,948,16,15,34.48
12000,Spring,0,2374.5,83.17,69.17,0.0,0.0,0.751,0.294,0.0,0.0,0.0,0.0,0.0,1.0,0.296,0.295,449,1081,701,952,16,15,47.8
12100,Spring,100,2433.7,98.1,148.8,0.0,0.0,0.987,0.999,0.0,0.0,0.0,0.0,0.0,0.0,0.569,0.457,471,10,721,476,16,16,12.65
12200,Spring,200,2433.5,138.42,150.0,0.0,0.0,0.917,0.619,0.0,0.0,0.0,0.0,0.04,0.69,0.431,0.386,500,93,722,512,16,16,29.61
12300,Spring,300,2465.8,150.0,133.0,0.0,0.0,0.453,0.414,0.0,0.0,0.0,0.0,0.67,1.0,0.254,0.235,545,139,722,547,16,16,42.64
12400,Spring,400,2520.6,88.97,64.8,0.0,0.335,0.775,0.302,0.0,0.0,0.0,0.0,0.45,1.0,0.125,0.118,572,146,723,549,16,16,42.44
12500,Summer,0,2565.3,90.2,83.97,0.0,0.015,0.803,0.338,0.0,0.0,0.0,0.0,0.0,1.0,0.084,0.082,594,166,732,552,16,16,45.22
12600,Summer,100,2653.4,145.35,139.02,0.0,0.0,0.638,0.451,0.0,0.0,0.0,0.0,0.44,1.0,0.093,0.092,636,198,740,554,16,16,37.95
12700,Summer,200,2741.2,150.0,97.02,0.0,0.0,0.35,0.126,0.0,0.0,0.0,0.0,0.2,1.0,0.074,0.073,669,222,745,557,16,16,59.91
12800,Summer,300,2783.7,147.71,91.17,0.0,0.04,0.59,0.368,0.0,0.0,0.0,0.001,0.87,1.0,0.052,0.052,723,235,780,561,16,16,43.57
12900,Summer,400,2853.2,106.7,110.46,0.192,0.0,0.788,0.345,0.0,0.0,0.0,0.001,0.01,1.0,0.063,0.063,736,260,792,562,16,16,46.17
13000,Autumn,0,2907.0,99.9,146.6,0.0,0.0,0.984,0.621,0.0,0.0,0.0,0.001,0.0,1.0,0.089,0.089,753,294,801,563,16,16,26.42
13100,Autumn,100,2859.2,145.06,141.78,0.0,0.0,0.959,0.538,0.0,0.0,0.0,0.001,0.0,1.0,0.143,0.143,775,358,817,594,16,16,32.76
13200,Autumn,200,2832.5,132.03,150.0,0.0,0.0,0.998,0.843,0.0,0.0,0.0,0.001,0.0,1.0,0.255,0.255,799,403,819,602,16,16,17.2
13300,Autumn,300,2796.1,115.05,142.52,0.0,0.0,0.896,0.434,0.0,0.0,0.0,0.001,0.0,1.0,0.197,0.196,828,463,823,605,16,16,39.62
13400,Autumn,400,2781.1,147.03,144.21,0.0,0.0,0.998,0.967,0.0,0.0,0.0,0.001,0.0,0.72,0.411,0.417,849,495,831,615,16,16,8.06
13500,Winter,0,2753.7,150.0,104.93,0.0,0.096,0.66,0.989,0.0,0.0,0.0,0.0,0.57,0.01,0.516,0.513,898,509,840,619,16,16,27.0
13600,Winter,100,2653.9,149.16,97.06,0.0,0.0,0.659,0.999,0.0,0.0,0.0,0.0,0.96,0.0,0.311,0.31,937,529,865,636,16,16,25.08
13700,Winter,200,2570.0,150.0,147.06,0.0,0.0,0.618,0.998,0.0,0.0,0.0,0.0,0.89,0.0,0.413,0.41,965,550,885,645,16,16,29.55
13800,Winter,300,2487.5,121.44,119.2,0.0,0.0,0.601,0.996,0.0,0.0,0.0,0.0,1.0,0.05,0.276,0.275,1018,570,895,652,16,16,28.16
13900,Winter,400,2406.5,142.86,99.62,0.0,0.0,0.853,0.998,0.0,0.0,0.0,0.0,1.0,0.0,0.47,0.467,1056,594,896,661,16,16,17.03
14000,Spring,0,2328.3,103.1,145.72,0.025,0.0,0.294,0.56,0.0,0.0,0.0,0.0,1.0,0.2,0.267,0.264,1094,617,896,675,16,16,51.22
14100,Spring,100,2370.1,150.0,150.0,0.0,0.0,0.521,0.664,0.0,0.0,0.0,0.0,1.0,1.0,0.157,0.156,1143,665,896,699,16,16,33.12
14200,Spring,200,2403.5,150.0,91.76,0.0,0.0,0.953,0.99,0.0,0.0,0.0,0.0,0.34,0.0,0.471,0.475,1180,697,901,719,16,16,12.37
14300,Spring,300,2441.0,142.8,98.84,0.0,0.0,0.998,0.998,0.0,0.0,0.0,0.0,0.0,0.0,0.955,0.965,1213,718,902,732,16,16,3.0
14400,Spring,400,2481.7,150.0,93.39,0.0,0.0,0.67,0.999,0.0,0.0,0.0,0.0,0.32,0.0,0.795,0.79,1243,736,905,750,16,16,27.66
14500,Summer,0,2489.0,150.0,107.28,0.0,0.0,0.806,0.998,0.0,0.0,0.0,0.0,0.95,0.0,0.491,0.488,1315,756,914,769,16,16,18.36
14600,Summer,100,2557.3,150.0,100.41,0.0,0.0,0.801,0.999,0.0,0.0,0.0,0.0,1.0,0.0,0.491,0.488,1377,777,928,776,16,16,19.24
14700,Summer,200,2631.1,126.69,70.77,0.0,0.243,0.457,0.87,0.0,0.0,0.0,0.0,1.0,0.01,0.282,0.279,1445,799,928,783,16,16,39.05
14800,Summer,300,2686.2,150.0,92.72,0.0,0.0,0.397,0.879,0.0,0.0,0.0,0.0,1.0,0.0,0.168,0.167,1498,818,930,798,16,16,41.77
14900,Summer,400,2710.1,150.0,147.53,0.0,0.0,0.412,0.526,0.0,0.0,0.0,0.0,1.0,0.55,0.123,0.122,1519,882,930,811,16,16,40.45
15000,Autumn,0,2715.4,139.7,148.13,0.0,0.0,0.572,0.738,0.0,0.0,0.0,0.0,1.0,1.0,0.124,0.123,1568,953,930,859,16,16,26.57
15100,Autumn,100,2688.6,150.0,66.73,0.0,0.0,0.98,0.995,0.0,0.0,0.0,0.0,0.33,0.0,0.697,0.705,1611,974,945,878,16,16,9.22
15200,Autumn,200,2660.5,150.0,108.58,0.0,0.0,0.673,0.996,0.0,0.0,0.0,0.0,1.0,0.0,0.392,0.393,1686,995,945,884,16,16,23.71
15300,Autumn,300,2643.1,150.0,80.63,0.0,0.048,0.77,0.996,0.0,0.0,0.0,0.0,1.0,0.0,0.307,0.308,1746,1015,956,896,16,16,20.22
15400,Autumn,400,2638.9,96.17,111.74,0.0,0.109,0.469,0.954,0.0,0.0,0.0,0.0,1.0,0.01,0.174,0.174,1776,1035,956,912,16,16,34.23
15500,Winter,0,2638.5,72.86,111.42,0.159,0.0,0.283,0.696,0.0,0.0,0.0,0.0,1.0,0.03,0.125,0.125,1801,1056,957,926,16,16,48.09
15600,Winter,100,2547.5,74.26,124.51,0.0,0.0,0.39,0.769,0.0,0.0,0.0,0.0,1.0,0.85,0.078,0.078,1817,1123,961,927,16,16,38.91
15700,Winter,200,2456.0,105.66,150.0,0.0,0.0,0.835,0.93,0.0,0.0,0.0,0.0,1.0,0.86,0.264,0.255,1851,1189,965,929,16,16,12.04
15800,Winter,300,2376.9,118.15,104.96,0.0,0.0,0.683,0.993,0.0,0.0,0.0,0.001,1.0,0.0,0.32,0.314,1888,1230,971,932,16,16,25.32
15900,Winter,400,2304.3,94.12,92.82,0.0,0.068,0.566,0.966,0.0,0.0,0.0,0.001,1.0,0.0,0.193,0.191,1907,1273,971,933,16,16,28.6
16000,Spring,0,2241.6,87.8,105.52,0.105,0.0,0.357,0.834,0.0,0.0,0.0,0.001,1.0,0.0,0.148,0.147,1918,1290,975,948,16,16,44.27
16100,Spring,100,2285.1,150.0,100.61,0.0,0.0,0.857,0.997,0.0,0.0,0.0,0.001,0.89,0.0,0.253,0.254,1966,1310,996,963,16,16,16.03
16200,Spring,200,2328.6,141.9,93.12,0.0,0.0,0.981,0.998,0.0,0.0,0.0,0.001,0.33,0.0,0.552,0.554,2001,1332,1025,967,16,16,5.1
16300,Spring,300,2377.5,97.52,147.0,0.0,0.0,0.996,0.998,0.0,0.0,0.0,0.001,0.0,0.0,1.0,1.0,2015,1354,1037,967,16,16,3.61
16400,Spring,400,2424.4,150.0,149.1,0.0,0.0,0.669,0.983,0.0,0.0,0.0,0.001,0.56,0.03,0.742,0.738,2066,1366,1052,967,16,16,26.91
16500,Summer,0,2431.2,150.0,84.01,0.0,0.093,0.688,0.977,0.0,0.0,0.0,0.014,1.0,0.01,0.351,0.349,2155,1394,1052,970,16,16,22.67
16600,Summer,100,2521.3,143.7,150.0,0.0,0.0,0.615,0.715,0.0,0.0,0.0,0.012,1.0,0.41,0.245,0.244,2221,1440,1052,970,16,16,26.93
16700,Summer,200,2593.5,149.94,147.95,0.0,0.0,0.486,0.736,0.0,0.0,0.0,0.011,1.0,0.21,0.193,0.192,2288,1483,1052,972,16,16,38.01
16800,Summer,300,2665.0,144.93,93.94,0.0,0.025,0.698,0.976,0.0,0.0,0.0,0.01,1.0,0.0,0.142,0.143,2336,1519,1052,972,16,16,19.03
16900,Summer,400,2704.8,148.47,145.41,0.0,0.0,0.527,0.929,0.0,0.0,0.0,0.009,1.0,0.0,0.213,0.212,2420,1547,1054,975,16,16,33.14
17000,Autumn,0,2736.3,146.6,150.0,0.0,0.0,0.295,0.687,0.0,0.0,0.0,0.008,1.0,0.11,0.131,0.13,2480,1578,1054,980,16,16,50.33
17100,Autumn,100,2707.4,148.13,99.54,0.0,0.001,0.243,0.718,0.0,0.0,0.0,0.007,1.0,0.04,0.095,0.095,2511,1635,1054,993,16,16,51.86
17200,Autumn,200,2679.2,131.3,150.0,0.0,0.0,0.2,0.449,0.0,0.0,0.0,0.007,1.0,0.95,0.061,0.061,2544,1693,1054,993,16,16,51.62
17300,Autumn,300,2629.5,150.0,150.0,0.0,0.0,0.831,0.893,0.0,0.0,0.0,0.006,1.0,1.0,0.196,0.197,2585,1767,1054,993,16,16,9.49
17400,Autumn,400,2567.7,150.0,150.0,0.0,0.0,0.512,0.692,0.0,0.0,0.0,0.005,1.0,1.0,0.306,0.305,2630,1856,1056,1001,16,16,35.74
17500,Winter,0,2527.1,137.39,145.75,0.0,0.0,0.34,0.501,0.0,0.0,0.0,0.005,1.0,1.0,0.219,0.218,2683,1919,1056,1018,16,16,45.88
17600,Winter,100,2464.2,97.37,97.44,0.0,0.0,0.382,0.859,0.0,0.0,0.0,0.005,1.0,0.0,0.144,0.144,2703,1936,1057,1030,16,16,43.05
17700,Winter,200,2391.2,122.77,144.33,0.0,0.0,0.404,0.571,0.0,0.0,0.0,0.004,1.0,0.22,0.107,0.107,2716,1963,1058,1046,16,16,40.31
17800,Winter,300,2335.0,70.09,136.09,0.234,0.0,0.288,0.622,0.0,0.0,0.0,0.004,1.0,1.0,0.073,0.073,2727,2004,1061,1047,16,16,45.0
17900,Winter,400,2260.7,147.62,150.0,0.0,0.0,0.571,0.694,0.0,0.0,0.0,0.003,1.0,1.0,0.107,0.106,2753,2054,1065,1051,16,16,28.43
18000,Spring,0,2192.9,150.0,81.81,0.0,0.251,0.879,0.934,0.0,0.0,0.0,0.003,0.97,0.25,0.479,0.468,2782,2083,1073,1057,16,16,15.03
18100,Spring,100,2230.7,150.0,143.2,0.0,0.0,0.588,0.517,0.0,0.0,0.0,0.003,0.77,1.0,0.443,0.441,2827,2124,1076,1059,16,16,38.33
18200,Spring,200,2282.0,150.0,136.4,0.0,0.0,0.787,0.413,0.0,0.0,0.0,0.002,0.42,1.0,0.214,0.213,2882,2147,1078,1068,16,16,38.9
18300,Spring,300,2324.6,97.8,137.8,0.019,0.0,0.808,0.35,0.0,0.0,0.0,0.002,0.66,1.0,0.123,0.122,2940,2187,1078,1069,16,16,44.01
18400,Spring,400,2351.6,148.8,146.4,0.0,0.0,0.911,0.952,0.0,0.0,0.0,0.002,1.0,0.73,0.307,0.312,3012,2222,1092,1073,16,16,10.0
18500,Summer,0,2403.5,145.81,91.84,0.0,0.03,0.771,0.995,0.0,0.0,0.0,0.002,0.13,0.0,0.697,0.693,3031,2231,1103,1079,16,16,22.67
18600,Summer,100,2493.3,150.0,109.43,0.0,0.164,0.325,0.773,0.0,0.0,0.0,0.002,1.0,0.01,0.302,0.299,3070,2261,1105,1094,16,16,45.69
18700,Summer,200,2512.2,140.82,150.0,0.0,0.0,0.33,0.549,0.0,0.0,0.0,0.001,1.0,0.98,0.19,0.188,3129,2333,1106,1097,16,16,44.78
18800,Summer,300,2540.7,150.0,148.11,0.0,0.0,0.754,0.969,0.0,0.0,0.0,0.001,1.0,0.7,0.386,0.374,3190,2397,1107,1107,16,16,19.42
18900,Summer,400,2591.0,149.94,107.49,0.0,0.179,0.848,0.969,0.0,0.0,0.0,0.001,1.0,0.01,0.389,0.382,3282,2413,1111,1114,16,16,16.16
19000,Autumn,0,2633.0,150.0,117.56,0.0,0.0,0.389,0.833,0.0,0.0,0.0,0.001,1.0,0.0,0.236,0.232,3375,2432,1111,1128,16,16,44.01
19100,Autumn,100,2619.5,146.26,96.45,0.0,0.0,0.301,0.805,0.0,0.0,0.0,0.001,1.0,0.0,0.124,0.123,3399,2450,1112,1143,16,16,46.27
19200,Autumn,200,2581.7,150.0,150.0,0.0,0.0,0.758,0.787,0.0,0.0,0.0,0.001,1.0,0.9,0.227,0.225,3460,2538,1113,1146,16,16,19.1
19300,Autumn,300,2529.9,143.16,150.0,0.0,0.0,0.978,0.974,0.0,0.0,0.0,0.001,0.72,1.0,0.427,0.433,3514,2625,1133,1152,16,16,8.54
19400,Autumn,400,2503.5,106.69,144.08,0.0,0.0,0.979,0.692,0.0,0.0,0.0,0.001,0.0,1.0,0.319,0.321,3545,2695,1141,1161,16,16,23.77
19500,Winter,0,2490.7,148.27,137.8,0.0,0.0,0.623,0.46,0.0,0.0,0.0,0.001,0.35,1.0,0.192,0.194,3580,2746,1154,1173,16,16,36.88
19600,Winter,100,2417.1,96.64,108.48,0.0,0.0,0.87,0.42,0.0,0.0,0.0,0.001,0.0,1.0,0.13,0.131,3615,2759,1155,1174,16,16,40.5
19700,Winter,200,2348.4,145.8,95.22,0.0,0.0,0.725,0.264,0.0,0.0,0.0,0.001,0.0,1.0,0.08,0.081,3635,2767,1169,1174,16,16,51.11
19800,Winter,300,2281.7,146.38,78.95,0.0,0.0,0.605,0.426,0.0,0.0,0.0,0.0,0.49,1.0,0.06,0.061,3677,2780,1172,1175,16,16,37.85
19900,Winter,400,2217.4,142.44,141.18,0.0,0.0,0.978,0.966,0.0,0.0,0.0,0.0,0.64,0.55,0.566,0.584,3738,2798,1176,1182,16,16,5.1
20000,Spring,0,2164.9,140.73,113.79,0.0,0.0,0.786,0.997,0.0,0.0,0.0,0.0,0.28,0.04,0.793,0.79,3754,2815,1183,1187,16,16,19.1
20100,Spring,100,2223.1,149.6,79.82,0.0,0.049,0.965,0.996,0.0,0.0,0.0,0.0,1.0,0.0,0.566,0.572,3795,2833,1191,1202,16,16,8.25
20200,Spring,200,2261.3,147.3,145.09,0.0,0.0,0.984,0.868,0.0,0.0,0.0,0.0,0.77,0.35,0.578,0.581,3842,2868,1215,1225,16,16,16.12
20300,Spring,300,2308.4,80.64,143.0,0.124,0.0,0.984,0.997,0.0,0.0,0.0,0.0,0.0,0.0,0.815,0.821,3860,2894,1224,1237,16,16,8.6
20400,Spring,400,2356.5,139.2,100.94,0.0,0.251,1.0,0.942,0.0,0.0,0.0,0.0,0.0,0.01,1.0,0.998,3896,2905,1237,1243,16,16,7.28
20500,Summer,0,2377.0,150.0,93.4,0.0,0.0,0.667,0.999,0.0,0.0,0.0,0.0,0.82,0.0,0.668,0.663,3962,2921,1241,1246,16,16,27.07
20600,Summer,100,2472.7,150.0,136.48,0.0,0.0,0.584,0.99,0.0,0.0,0.0,0.0,1.0,0.01,0.387,0.386,4027,2950,1244,1251,16,16,31.76
20700,Summer,200,2542.5,143.88,106.4,0.0,0.0,0.537,0.98,0.0,0.0,0.0,0.0,1.0,0.04,0.2,0.2,4093,2974,1244,1257,16,16,30.68
20800,Summer,300,2576.7,150.0,139.55,0.0,0.0,0.237,0.379,0.0,0.0,0.0,0.0,1.0,0.98,0.149,0.148,4167,3030,1244,1261,16,16,54.23
20900,Summer,400,2610.8,150.0,150.0,0.0,0.0,0.712,0.927,0.0,0.0,0.0,0.0,1.0,1.0,0.155,0.156,4218,3096,1244,1261,16,16,19.1
21000,Autumn,0,2649.1,150.0,150.0,0.0,0.0,0.645,0.796,0.0,0.0,0.0,0.0,1.0,0.2,0.206,0.205,4294,3132,1247,1263,16,16,24.74
21100,Autumn,100,2536.2,150.0,147.36,0.0,0.0,0.931,0.98,0.0,0.0,0.0,0.0,1.0,0.57,0.32,0.325,4370,3211,1254,1267,16,16,11.66
21200,Autumn,200,2470.1,150.0,150.0,0.0,0.0,0.776,0.997,0.0,0.0,0.0,0.0,0.96,0.06,0.516,0.517,4448,3232,1268,1269,16,16,23.35
21300,Autumn,300,2435.8,135.82,146.7,0.0,0.0,0.782,0.998,0.0,0.0,0.0,0.0,1.0,0.0,0.447,0.444,4517,3254,1270,1272,16,16,18.36
21400,Autumn,400,2380.0,150.0,150.0,0.0,0.0,0.628,0.795,0.0,0.0,0.0,0.0,1.0,0.77,0.295,0.292,4586,3319,1271,1272,16,16,27.02
21500,Winter,0,2335.4,120.7,134.53,0.0,0.0,0.172,0.39,0.0,0.0,0.0,0.0,1.0,1.0,0.154,0.153,4627,3392,1271,1277,16,16,54.08
21600,Winter,100,2255.5,149.48,143.01,0.0,0.0,0.519,0.624,0.0,0.0,0.0,0.0,1.0,1.0,0.134,0.133,4678,3452,1271,1277,16,16,30.41
21700,Winter,200,2198.7,98.09,92.67,0.137,0.0,0.823,0.991,0.0,0.0,0.0,0.0,1.0,0.0,0.328,0.326,4712,3475,1271,1280,16,16,15.26
21800,Winter,300,2133.2,147.62,99.51,0.0,0.0,0.74,0.996,0.0,0.0,0.0,0.0,1.0,0.1,0.308,0.308,4751,3492,1281,1284,16,16,20.25
21900,Winter,400,2062.5,142.02,137.66,0.0,0.0,0.816,0.975,0.0,0.0,0.0,0.0,0.62,0.86,0.419,0.415,4783,3550,1283,1290,16,16,15.03
22000,Spring,0,2018.7,76.01,130.0,0.0,0.0,0.402,0.654,0.0,0.0,0.0,0.011,1.0,0.56,0.277,0.274,4811,3566,1285,1292,16,16,41.88
22100,Spring,100,2070.1,150.0,142.03,0.0,0.0,0.678,0.982,0.0,0.0,0.0,0.01,1.0,0.3,0.296,0.294,4881,3591,1287,1293,16,16,24.74
22200,Spring,200,2096.2,143.2,140.62,0.0,0.0,0.248,0.515,0.0,0.0,0.0,0.009,1.0,0.19,0.164,0.163,4953,3620,1287,1306,16,16,53.76
22300,Spring,300,2130.4,131.3,144.9,0.0,0.0,0.091,0.29,0.0,0.0,0.0,0.008,1.0,1.0,0.087,0.087,4985,3670,1287,1306,16,16,60.75
22400,Spring,400,2171.6,90.32,148.75,0.08,0.0,0.219,0.465,0.0,0.0,0.0,0.007,1.0,0.36,0.064,0.063,5000,3710,1287,1306,16,16,50.12
22500,Summer,0,2204.8,142.97,150.0,0.0,0.0,0.613,0.803,0.0,0.0,0.0,0.006,1.0,1.0,0.092,0.093,5043,3779,1287,1306,16,16,25.0
22600,Summer,100,2267.7,148.47,150.0,0.0,0.0,0.669,0.784,0.0,0.0,0.0,0.006,1.0,0.99,0.184,0.183,5110,3862,1287,1320,16,16,27.07
22700,Summer,200,2308.6,150.0,103.93,0.0,0.211,0.88,0.946,0.0,0.0,0.0,0.005,1.0,0.19,0.28,0.281,5199,3917,1289,1341,16,16,12.21
22800,Summer,300,2371.9,150.0,106.34,0.0,0.0,0.459,0.876,0.0,0.0,0.0,0.005,1.0,0.03,0.384,0.372,5274,3944,1300,1351,16,16,40.16
22900,Summer,400,2476.3,135.6,90.76,0.0,0.0,0.176,0.652,0.0,0.0,0.0,0.005,1.0,0.05,0.171,0.167,5299,3971,1300,1353,16,16,56.52
23000,Autumn,0,2506.3,150.0,150.0,0.0,0.0,0.615,0.643,0.0,0.0,0.0,0.004,1.0,1.0,0.23,0.224,5365,4059,1304,1359,16,16,28.46
23100,Autumn,100,2473.8,150.0,148.35,0.0,0.0,0.259,0.681,0.0,0.0,0.0,0.004,1.0,0.21,0.131,0.129,5413,4105,1305,1361,16,16,50.61
23200,Autumn,200,2471.3,94.85,148.68,0.0,0.0,0.227,0.439,0.0,0.0,0.0,0.003,1.0,0.3,0.08,0.08,5430,4139,1305,1362,16,16,48.76
23300,Autumn,300,2447.6,142.52,150.0,0.0,0.0,0.599,0.738,0.0,0.0,0.0,0.003,1.0,1.0,0.105,0.105,5461,4197,1306,1362,16,16,27.0
23400,Autumn,400,2396.3,148.13,149.67,0.0,0.0,0.678,0.963,0.0,0.0,0.0,0.003,1.0,0.53,0.153,0.153,5546,4251,1306,1373,16,16,22.8
23500,Winter,0,2397.4,147.62,111.43,0.0,0.117,0.455,0.927,0.0,0.0,0.0,0.003,1.0,0.01,0.169,0.169,5598,4263,1306,1380,16,16,39.22
23600,Winter,100,2330.7,135.72,104.74,0.0,0.0,0.454,0.903,0.0,0.0,0.0,0.002,1.0,0.0,0.123,0.123,5624,4294,1307,1381,16,16,37.85
23700,Winter,200,2253.2,112.57,150.0,0.0,0.0,0.355,0.625,0.0,0.0,0.0,0.002,1.0,0.13,0.107,0.107,5653,4329,1307,1386,16,16,42.58
23800,Winter,300,2176.1,150.0,93.54,0.0,0.0,0.875,0.994,0.0,0.0,0.0,0.002,1.0,0.0,0.22,0.225,5719,4348,1309,1394,16,16,14.32
23900,Winter,400,2102.8,145.24,77.43,0.0,0.165,0.629,0.973,0.0,0.0,0.0,0.002,1.0,0.0,0.37,0.361,5784,4365,1312,1403,16,16,28.84
24000,Spring,0,2022.9,143.54,112.74,0.0,0.0,0.471,0.782,0.0,0.0,0.0,0.002,1.0,0.12,0.19,0.186,5842,4387,1313,1416,16,16,34.06
24100,Spring,100,2061.7,138.1,148.17,0.0,0.0,0.548,0.77,0.0,0.0,0.0,0.001,1.0,0.32,0.161,0.159,5889,4421,1313,1421,16,16,31.95
24200,Spring,200,2119.1,150.0,110.83,0.0,0.0,0.866,0.962,0.0,0.0,0.0,0.001,1.0,0.33,0.201,0.204,5940,4453,1313,1424,16,16,16.12
24300,Spring,300,2155.7,144.9,148.92,0.0,0.0,0.51,0.646,0.0,0.0,0.0,0.029,1.0,0.12,0.291,0.289,6008,4480,1326,1444,16,16,39.46
24400,Spring,400,2173.0,140.9,150.0,0.0,0.0,0.456,0.649,0.0,0.0,0.0,0.026,1.0,1.0,0.177,0.178,6039,4558,1332,1445,16,16,36.88
24500,Summer,0,2166.2,150.0,150.0,0.0,0.0,0.823,0.913,0.0,0.0,0.0,0.024,1.0,1.0,0.242,0.244,6106,4653,1337,1445,16,16,18.87
24600,Summer,100,2228.1,150.0,89.37,0.0,0.076,0.486,0.944,0.0,0.0,0.0,0.021,1.0,0.11,0.21,0.208,6191,4703,1339,1457,16,16,36.72
24700,Summer,200,2289.3,145.35,98.43,0.0,0.0,0.563,0.981,0.0,0.0,0.0,0.019,1.0,0.0,0.16,0.16,6263,4744,1339,1458,16,16,29.12
24800,Summer,300,2348.3,148.47,149.73,0.0,0.0,0.658,0.899,0.0,0.0,0.0,0.018,1.0,0.39,0.199,0.198,6338,4797,1339,1464,16,16,23.32
24900,Summer,400,2402.4,150.0,150.0,0.0,0.0,0.422,0.631,0.0,0.0,0.0,0.016,1.0,0.31,0.341,0.339,6403,4837,1354,1477,16,16,42.0
25000,Autumn,0,2454.7,150.0,145.82,0.0,0.0,0.725,0.617,0.0,0.0,0.0,0.014,1.0,0.65,0.36,0.358,6476,4896,1356,1480,16,16,28.32
25100,Autumn,100,2395.4,149.01,150.0,0.0,0.0,0.935,0.669,0.0,0.0,0.0,0.013,0.94,1.0,0.287,0.285,6565,4983,1367,1481,16,16,26.17
25200,Autumn,200,2379.5,138.18,142.65,0.0,0.0,0.993,0.976,0.0,0.0,0.0,0.012,0.53,0.8,0.654,0.658,6607,5047,1368,1481,16,16,5.39
25300,Autumn,300,2365.4,148.28,150.0,0.0,0.0,0.512,0.68,0.0,0.0,0.0,0.011,0.81,0.41,0.642,0.636,6657,5086,1369,1496,16,16,38.9
25400,Autumn,400,2339.6,90.94,150.0,0.0,0.0,0.984,0.714,0.0,0.0,0.0,0.01,0.31,1.0,0.426,0.424,6704,5171,1370,1500,16,16,24.17
25500,Winter,0,2301.8,148.75,141.27,0.0,0.0,0.643,0.453,0.0,0.0,0.0,0.009,1.0,1.0,0.225,0.224,6766,5227,1376,1502,16,16,38.9
25600,Winter,100,2232.7,106.86,130.96,0.0,0.0,0.705,0.252,0.0,0.0,0.0,0.008,0.61,1.0,0.12,0.119,6811,5255,1383,1502,16,16,50.0
25700,Winter,200,2166.2,122.0,105.65,0.0,0.0,0.9,0.464,0.0,0.0,0.0,0.007,0.73,1.0,0.128,0.13,6848,5289,1386,1502,16,16,36.69
25800,Winter,300,2061.3,63.62,150.0,0.061,0.0,0.973,0.585,0.0,0.0,0.0,0.006,0.47,1.0,0.192,0.197,6899,5363,1389,1504,16,16,28.16
25900,Winter,400,1992.9,90.65,147.2,0.0,0.0,0.994,0.868,0.0,0.0,0.001,0.006,0.02,0.98,0.199,0.202,6920,5388,1407,1504,16,16,13.6
26000,Spring,0,1921.3,147.45,150.0,0.0,0.0,0.599,0.772,0.0,0.0,0.001,0.005,0.68,0.97,0.303,0.3,6971,5426,1416,1529,16,16,32.76
26100,Spring,100,1993.6,116.99,97.08,0.0,0.0,0.522,0.743,0.0,0.0,0.001,0.005,1.0,0.55,0.173,0.172,7005,5447,1416,1535,16,16,32.76
26200,Spring,200,2046.6,150.0,98.27,0.0,0.001,0.791,0.993,0.0,0.0,0.001,0.004,0.95,0.0,0.431,0.429,7057,5478,1423,1539,16,16,21.02
26300,Spring,300,2086.6,144.5,145.79,0.0,0.0,0.336,0.501,0.0,0.0,0.001,0.004,1.0,0.66,0.286,0.285,7111,5523,1432,1541,16,16,48.75
26400,Spring,400,2138.4,144.0,141.6,0.0,0.0,0.951,0.977,0.0,0.0,0.001,0.004,0.6,0.0,0.58,0.587,7140,5547,1431,1541,16,16,6.08
26500,Summer,0,2194.6,97.25,147.44,0.0,0.0,0.997,0.999,0.0,0.0,0.0,0.003,0.0,0.07,0.965,0.962,7146,5571,1437,1545,16,16,9.06
26600,Summer,100,2299.0,150.0,99.9,0.0,0.0,0.537,0.986,0.0,0.0,0.0,0.003,0.9,0.0,0.549,0.541,7219,5604,1438,1553,16,16,33.62
26700,Summer,200,2383.3,140.58,71.76,0.0,0.333,0.987,0.896,0.0,0.0,0.0,0.003,0.08,0.01,1.0,0.996,7265,5654,1438,1555,16,16,4.12
26800,Summer,300,2437.3,147.37,141.27,0.0,0.0,0.522,0.943,0.0,0.0,0.0,0.002,0.67,0.0,0.603,0.599,7320,5689,1439,1566,16,16,33.14
26900,Summer,400,2475.7,150.0,146.32,0.0,0.0,0.378,0.564,0.0,0.0,0.0,0.002,1.0,0.54,0.278,0.277,7383,5741,1439,1573,16,16,43.28
27000,Autumn,0,2527.7,135.77,150.0,0.0,0.0,0.329,0.611,0.0,0.0,0.0,0.002,1.0,1.0,0.144,0.144,7411,5812,1439,1576,16,16,44.38
27100,Autumn,100,2510.8,150.0,101.74,0.0,0.0,0.382,0.836,0.0,0.0,0.0,0.002,1.0,0.41,0.094,0.095,7466,5855,1439,1576,16,16,39.2
27200,Autumn,200,2491.6,63.07,150.0,0.223,0.0,0.106,0.299,0.0,0.0,0.0,0.002,1.0,0.69,0.059,0.059,7485,5907,1441,1581,16,16,59.51
27300,Autumn,300,2496.8,78.39,150.0,0.119,0.0,0.986,0.871,0.0,0.0,0.0,0.002,0.0,0.83,0.113,0.155,2,5946,720,1581,17,16,14.04
27400,Autumn,400,2481.8,103.61,145.19,0.0,0.0,0.998,0.991,0.0,0.0,0.0,0.001,0.0,0.63,0.533,0.544,18,5996,729,1586,17,16,7.07
27500,Winter,0,2481.7,150.0,150.0,0.0,0.0,0.999,0.876,0.0,0.0,0.0,0.001,0.02,0.24,0.975,0.972,41,6015,732,1586,17,16,18.03
27600,Winter,100,2410.3,83.98,141.28,0.008,0.0,0.999,0.981,0.0,0.0,0.0,0.001,0.0,0.58,0.722,0.721,57,6051,732,1596,17,16,7.62
27700,Winter,200,2332.0,100.1,148.37,0.0,0.0,0.999,0.959,0.0,0.0,0.0,0.001,0.0,0.24,0.76,0.755,76,6076,740,1609,17,16,12.65
27800,Winter,300,2271.3,92.2,149.16,0.0,0.0,0.997,0.999,0.0,0.0,0.0,0.001,0.0,0.0,0.826,0.821,92,6090,747,1614,17,16,10.63
27900,Winter,400,2174.9,150.0,150.0,0.0,0.0,0.784,0.664,0.0,0.0,0.0,0.001,0.66,0.95,0.438,0.432,161,6137,778,1619,17,16,26.57
28000,Spring,0,2109.4,131.22,92.18,0.0,0.0,0.429,0.179,0.0,0.0,0.0,0.001,0.98,1.0,0.207,0.204,220,6166,796,1619,17,16,56.61
28100,Spring,100,2164.2,113.7,150.0,0.0,0.0,0.952,0.572,0.0,0.0,0.0,0.0,0.0,0.29,0.112,0.037,245,24,799,811,17,17,32.25
28200,Spring,200,2207.3,144.08,129.2,0.0,0.0,0.385,0.308,0.0,0.0,0.0,0.0,0.71,1.0,0.098,0.07,284,63,801,811,17,17,47.01
28300,Spring,300,2267.2,96.51,141.5,0.2,0.0,0.607,0.177,0.0,0.0,0.0,0.0,0.24,1.0,0.061,0.051,309,79,805,812,17,17,55.95
28400,Spring,400,2319.4,130.73,85.5,0.0,0.006,0.432,0.117,0.0,0.0,0.0,0.001,0.91,1.0,0.044,0.04,348,89,810,812,17,17,61.4
28500,Summer,0,2379.9,80.49,137.85,0.304,0.0,0.574,0.192,0.0,0.0,0.0,0.0,0.35,0.32,0.029,0.013,376,14,811,405,17,18,60.61
28600,Summer,100,2496.0,119.7,14.63,0.0,0.838,0.647,0.029,0.0,0.0,0.0,0.081,0.0,1.0,0.019,0.013,399,19,818,405,17,18,52.43
28700,Summer,200,2599.8,99.36,77.02,0.0,0.215,0.801,0.304,0.0,0.0,0.0,0.0,0.0,0.9,0.035,0.03,416,14,830,206,17,19,45.65
28800,Summer,300,2679.6,102.82,145.41,0.231,0.0,0.94,0.537,0.0,0.0,0.0,0.0,0.01,1.0,0.079,0.078,435,40,845,211,17,19,30.41
28900,Summer,400,2723.3,149.97,126.99,0.0,0.0,0.501,0.328,0.0,0.0,0.0,0.0,0.66,1.0,0.105,0.103,501,78,867,236,17,19,48.83
29000,Autumn,0,2782.0,150.0,90.65,0.0,0.0,0.679,0.543,0.0,0.0,0.0,0.0,0.91,1.0,0.088,0.088,546,104,869,236,17,19,29.68
29100,Autumn,100,2723.8,150.0,140.65,0.0,0.0,0.608,0.458,0.0,0.0,0.0,0.0,1.0,1.0,0.165,0.164,632,145,875,249,17,19,40.05
29200,Autumn,200,2714.2,150.0,91.65,0.0,0.0,0.481,0.382,0.0,0.0,0.0,0.018,0.78,1.0,0.094,0.094,684,162,878,251,17,19,43.86
29300,Autumn,300,2714.9,148.13,50.32,0.0,0.478,0.219,0.027,0.0,0.0,0.0,0.016,1.0,1.0,0.055,0.055,737,174,878,253,17,19,65.12
29400,Autumn,400,2722.8,146.16,96.14,0.0,0.0,0.523,0.323,0.0,0.0,0.0,0.0,1.0,0.73,0.045,0.027,763,14,878,129,17,20,45.69
29500,Winter,0,2712.3,150.0,78.65,0.0,0.088,0.598,0.465,0.0,0.0,0.0,0.0,1.0,1.0,0.075,0.068,816,35,889,132,17,20,36.35
29600,Winter,100,2608.3,150.0,113.88,0.0,0.0,0.977,0.818,0.0,0.0,0.0,0.0,0.91,0.96,0.252,0.255,892,62,905,135,17,20,14.76
29700,Winter,200,2549.5,79.91,104.01,0.064,0.0,0.994,0.996,0.0,0.0,0.0,0.0,0.0,0.0,0.912,0.917,907,64,911,136,17,20,5.83
29800,Winter,300,2481.1,130.38,121.86,0.0,0.0,0.999,0.783,0.0,0.0,0.0,0.0,0.0,0.0,0.722,0.718,927,75,924,146,17,20,20.81
29900,Winter,400,2423.0,96.16,108.96,0.0,0.0,0.999,0.897,0.0,0.0,0.0,0.0,0.0,0.28,0.685,0.691,943,83,936,148,17,20,15.81
30000,Spring,0,2353.3,106.75,140.38,0.119,0.0,0.986,0.764,0.0,0.0,0.0,0.0,0.01,0.53,0.453,0.453,964,109,949,164,17,20,18.44
30100,Spring,100,2392.9,129.73,142.2,0.0,0.0,0.999,0.981,0.0,0.0,0.0,0.0,0.0,0.42,0.825,0.841,984,155,952,197,17,20,3.0
30200,Spring,200,2430.5,142.2,105.2,0.0,0.0,0.995,0.997,0.0,0.0,0.0,0.0,0.0,0.0,0.979,0.979,1026,169,953,211,17,20,10.44
30300,Spring,300,2466.6,150.0,86.18,0.0,0.0,0.774,0.996,0.0,0.0,0.0,0.0,0.83,0.0,0.527,0.526,1084,189,956,226,17,20,17.03
30400,Spring,400,2496.2,148.3,77.27,0.0,0.102,0.357,0.824,0.0,0.0,0.0,0.0,1.0,0.0,0.321,0.317,1162,209,957,237,17,20,46.1
30500,Summer,0,2528.9,142.97,103.05,0.0,0.0,0.351,0.832,0.0,0.0,0.0,0.0,1.0,0.0,0.166,0.165,1204,226,957,259,17,20,42.94
30600,Summer,100,2608.9,150.0,93.11,0.0,0.321,0.678,0.902,0.0,0.0,0.0,0.0,1.0,0.01,0.242,0.239,1252,246,957,279,17,20,26.68
30700,Summer,200,2682.8,146.76,110.38,0.0,0.094,0.555,0.99,0.0,0.0,0.0,0.0,1.0,0.01,0.195,0.194,1314,265,962,298,17,20,33.02
30800,Summer,300,2724.4,150.0,101.86,0.0,0.0,0.723,0.999,0.0,0.0,0.0,0.0,1.0,0.0,0.229,0.231,1389,282,971,315,17,20,23.32
30900,Summer,400,2778.9,150.0,92.35,0.0,0.0,0.559,0.983,0.0,0.0,0.0,0.0,1.0,0.0,0.147,0.147,1440,300,971,333,17,20,29.55
31000,Autumn,0,2841.8,104.33,89.99,0.0,0.006,0.294,0.804,0.0,0.0,0.0,0.0,1.0,0.0,0.102,0.102,1474,318,971,351,17,20,46.53
31100,Autumn,100,2825.4,150.0,88.73,0.0,0.055,0.432,0.927,0.0,0.0,0.0,0.0,1.0,0.0,0.081,0.081,1517,336,971,368,17,20,36.14
31200,Autumn,200,2808.5,148.91,85.58,0.0,0.009,0.808,0.997,0.0,0.0,0.0,0.0,1.0,0.0,0.161,0.164,1558,354,971,386,17,20,15.13
31300,Autumn,300,2780.4,144.39,103.17,0.0,0.0,0.552,0.989,0.0,0.0,0.0,0.0,1.0,0.0,0.207,0.208,1616,374,977,399,17,20,32.31
31400,Autumn,400,2725.1,150.0,92.97,0.0,0.0,0.516,0.947,0.0,0.0,0.0,0.0,1.0,0.0,0.285,0.286,1705,395,979,415,17,20,35.38
31500,Winter,0,2707.3,136.79,92.58,0.0,0.0,0.427,0.914,0.0,0.0,0.0,0.0,1.0,0.0,0.174,0.175,1742,413,979,428,17,20,39.82
31600,Winter,100,2627.9,145.24,110.96,0.0,0.0,0.468,0.942,0.0,0.0,0.0,0.0,1.0,0.0,0.118,0.119,1759,432,984,446,17,20,34.93
31700,Winter,200,2543.9,89.69,97.12,0.0,0.0,0.436,0.907,0.0,0.0,0.0,0.0,1.0,0.0,0.119,0.119,1801,450,984,464,17,20,38.01
31800,Winter,300,2473.5,95.84,96.26,0.018,0.0,0.436,0.925,0.0,0.0,0.0,0.0,1.0,0.0,0.102,0.102,1825,469,990,483,17,20,37.54
31900,Winter,400,2401.8,150.0,102.72,0.0,0.0,0.544,0.995,0.0,0.0,0.0,0.0,1.0,0.0,0.112,0.113,1846,488,1000,502,17,20,30.08
32000,Spring,0,2327.1,87.1,91.03,0.112,0.0,0.615,0.998,0.0,0.0,0.0,0.0,1.0,0.0,0.173,0.172,1872,507,1005,521,17,20,26.17
32100,Spring,100,2365.0,137.47,81.57,0.0,0.0,0.759,0.998,0.0,0.0,0.0,0.0,1.0,0.02,0.198,0.201,1910,528,1037,536,17,20,19.7
32200,Spring,200,2408.5,150.0,89.16,0.0,0.093,0.737,0.991,0.0,0.0,0.0,0.0,0.99,0.01,0.238,0.237,1963,544,1046,548,17,20,19.72
32300,Spring,300,2452.5,144.5,72.76,0.0,0.0,0.623,0.967,0.0,0.0,0.0,0.0,1.0,0.02,0.246,0.246,2002,567,1056,557,17,20,27.86
32400,Spring,400,2494.7,143.6,108.38,0.0,0.188,0.973,0.966,0.0,0.0,0.0,0.001,0.6,0.01,0.629,0.631,2037,587,1059,568,17,20,2.83
32500,Summer,0,2511.7,148.53,148.2,0.0,0.0,0.998,0.916,0.0,0.0,0.0,0.001,0.0,0.32,0.737,0.738,2067,632,1062,618,17,20,13.42
32600,Summer,100,2589.4,150.0,150.0,0.0,0.0,0.695,0.544,0.0,0.0,0.0,0.0,0.21,0.19,0.444,0.442,2098,661,1070,645,17,20,35.36
32700,Summer,200,2651.8,150.0,67.67,0.0,0.203,0.458,0.284,0.0,0.0,0.0,0.0,1.0,1.0,0.203,0.202,2160,678,1072,647,17,20,47.8
32800,Summer,300,2705.0,150.0,143.46,0.0,0.0,0.373,0.326,0.0,0.0,0.0,0.0,1.0,0.51,0.1,0.032,2233,23,1072,323,17,21,48.05
32900,Summer,400,2780.7,150.0,104.93,0.0,0.0,0.294,0.084,0.0,0.0,0.0,0.0,1.0,1.0,0.066,0.041,2285,42,1072,323,17,21,62.27
33000,Autumn,0,2853.3,148.13,97.99,0.0,0.009,0.47,0.396,0.0,0.308,0.0,0.0,1.0,0.02,0.029,0.001,2327,0,1072,161,17,22,49.65
33100,Autumn,100,2804.2,150.0,150.0,0.0,0.0,0.868,0.814,0.0,0.0,0.0,0.0,1.0,0.99,0.143,0.136,2404,29,1075,172,17,22,10.3
33200,Autumn,200,2749.7,150.0,109.99,0.0,0.0,0.47,0.315,0.0,0.0,0.0,0.0,1.0,1.0,0.208,0.201,2489,78,1083,188,17,22,49.34
33300,Autumn,300,2748.7,150.0,92.25,0.0,0.0,0.219,0.149,0.0,0.856,0.0,0.0,1.0,0.17,0.089,0.005,2535,4,1083,93,17,23,65.12
33400,Autumn,400,2740.6,108.35,47.81,0.151,0.453,0.5,0.042,0.0,0.0,0.0,0.008,0.44,1.0,0.048,0.017,2561,14,1088,98,17,23,64.35
33500,Winter,0,2723.1,111.66,103.37,0.0,0.0,0.554,0.117,0.0,0.0,0.0,0.0,0.27,0.56,0.035,0.018,2590,13,1090,58,17,24,60.75
33600,Winter,100,2649.8,150.0,82.08,0.0,0.097,0.262,0.178,0.0,0.0,0.0,0.006,1.0,1.0,0.029,0.023,2634,21,1091,60,17,24,54.08
33700,Winter,200,2580.3,97.46,82.31,0.0,0.025,0.9,0.436,0.0,0.0,0.0,0.005,0.17,1.0,0.055,0.053,2668,32,1097,62,17,24,37.01
33800,Winter,300,2499.5,150.0,117.45,0.0,0.0,0.958,0.742,0.0,0.0,0.0,0.005,0.4,1.0,0.107,0.108,2707,52,1108,69,17,24,16.4
33900,Winter,400,2386.7,150.0,150.0,0.0,0.0,0.633,0.803,0.0,0.0,0.0,0.004,0.41,0.84,0.325,0.318,2753,112,1111,133,17,24,29.07
34000,Spring,0,2302.4,150.0,85.31,0.0,0.043,0.575,0.974,0.0,0.0,0.0,0.004,1.0,0.0,0.179,0.178,2801,143,1111,164,17,24,26.93
34100,Spring,100,2347.5,147.57,93.14,0.0,0.016,0.425,0.881,0.0,0.0,0.0,0.003,1.0,0.0,0.182,0.181,2842,163,1116,184,17,24,42.0
34200,Spring,200,2405.6,121.39,90.9,0.0,0.0,0.197,0.685,0.0,0.0,0.0,0.003,1.0,0.0,0.101,0.1,2875,183,1116,198,17,24,54.08
34300,Spring,300,2457.4,77.39,108.96,0.09,0.0,0.197,0.668,0.0,0.0,0.0,0.003,1.0,0.0,0.068,0.067,2889,201,1116,215,17,24,53.82
34400,Spring,400,2499.7,58.28,102.04,0.35,0.0,0.212,0.747,0.0,0.0,0.0,0.003,1.0,0.0,0.051,0.051,2910,220,1118,234,17,24,49.52
34500,Summer,0,2533.7,149.77,100.1,0.0,0.0,0.48,0.968,0.0,0.0,0.106,0.002,1.0,0.0,0.063,0.063,2953,239,1120,252,17,24,34.48
34600,Summer,100,2624.1,150.0,99.47,0.0,0.0,0.595,0.982,0.0,0.0,0.096,0.002,1.0,0.0,0.083,0.084,2997,259,1120,272,17,24,26.17
34700,Summer,200,2686.3,150.0,89.39,0.0,0.047,0.967,0.996,0.0,0.0,0.087,0.002,0.97,0.0,0.315,0.321,3073,276,1120,289,17,24,9.85
34800,Summer,300,2727.4,147.3,82.22,0.0,0.0,0.978,0.998,0.0,0.0,0.079,0.002,0.8,0.0,0.639,0.646,3153,296,1124,308,17,24,4.47
34900,Summer,400,2779.0,148.69,83.42,0.0,0.0,0.491,0.865,0.0,0.0,0.071,0.002,0.66,0.0,0.617,0.614,3207,317,1125,325,17,24,38.95
35000,Autumn,0,2820.4,142.01,83.55,0.0,0.0,0.213,0.713,0.0,0.0,0.064,0.001,1.0,0.0,0.262,0.26,3263,336,1125,335,17,24,51.97
35100,Autumn,100,2796.9,141.66,104.94,0.0,0.207,0.593,0.943,0.0,0.0,0.058,0.001,1.0,0.01,0.159,0.159,3311,358,1125,347,17,24,25.81
35200,Autumn,200,2775.9,123.82,102.39,0.0,0.0,0.478,0.953,0.0,0.0,0.053,0.001,1.0,0.0,0.139,0.138,3361,377,1125,366,17,24,35.51
35300,Autumn,300,2771.7,76.76,88.95,0.112,0.05,0.324,0.814,0.0,0.0,0.048,0.001,1.0,0.0,0.093,0.093,3394,396,1125,379,17,24,45.19
35400,Autumn,400,2767.1,122.26,99.09,0.0,0.0,0.746,0.987,0.0,0.0,0.045,0.001,1.0,0.0,0.108,0.109,3419,414,1126,397,17,24,19.21
35500,Winter,0,2756.7,150.0,103.14,0.0,0.0,0.693,0.998,0.0,0.0,0.041,0.001,1.0,0.0,0.145,0.146,3453,432,1126,415,17,24,23.35
35600,Winter,100,2667.3,150.0,93.14,0.0,0.0,0.738,0.999,0.0,0.0,0.037,0.001,1.0,0.0,0.171,0.172,3504,452,1129,433,17,24,18.6
35700,Winter,200,2579.1,131.1,102.26,0.0,0.223,0.995,0.954,0.0,0.0,0.033,0.001,0.0,0.01,0.895,0.892,3544,473,1132,454,17,24,3.61
35800,Winter,300,2503.5,89.12,118.54,0.112,0.0,0.662,0.999,0.0,0.0,0.03,0.001,0.7,0.0,0.659,0.653,3569,500,1136,462,17,24,27.29
35900,Winter,400,2429.7,99.66,135.22,0.0,0.0,0.444,0.86,0.0,0.0,0.027,0.001,1.0,0.03,0.302,0.3,3591,536,1139,469,17,24,37.58
36000,Spring,0,2365.4,102.87,92.0,0.0,0.0,0.607,0.997,0.0,0.0,0.025,0.001,1.0,0.0,0.228,0.227,3606,557,1141,481,17,24,28.16
36100,Spring,100,2423.2,101.74,88.8,0.0,0.0,0.637,0.998,0.0,0.0,0.022,0.0,1.0,0.0,0.208,0.208,3627,579,1143,493,17,24,25.71
36200,Spring,200,2464.7,148.3,150.0,0.0,0.0,0.249,0.461,0.0,0.0,0.02,0.0,1.0,0.83,0.124,0.123,3661,627,1144,499,17,24,50.0
36300,Spring,300,2508.1,99.31,89.61,0.0,0.0,0.231,0.707,0.0,0.0,0.018,0.0,1.0,0.01,0.082,0.081,3687,657,1144,517,17,24,51.61
36400,Spring,400,2551.3,58.91,97.79,0.145,0.0,0.15,0.621,0.0,0.0,0.017,0.0,1.0,0.0,0.047,0.047,3700,680,1144,529,17,24,57.2
36500,Summer,0,2592.1,95.05,144.84,0.0,0.0,0.037,0.213,0.0,0.0,0.0,0.0,0.65,0.47,0.019,0.034,16,705,583,530,18,24,66.57
36600,Summer,100,2678.9,150.0,137.45,0.0,0.0,0.133,0.33,0.879,0.0,0.0,0.0,0.13,1.0,0.004,0.017,11,743,301,530,19,24,65.6
36700,Summer,200,2759.4,58.06,146.88,0.404,0.0,0.028,0.464,0.0,0.0,0.0,0.0,1.0,1.0,0.018,0.023,36,770,315,533,19,24,63.25
36800,Summer,300,2840.1,64.06,75.18,0.344,0.0,0.057,0.456,0.0,0.0,0.105,0.0,1.0,0.35,0.014,0.016,43,788,318,536,19,24,65.19
36900,Summer,400,2909.1,7.84,135.09,0.906,0.0,0.0,0.314,0.0,0.0,0.24,0.0,1.0,1.0,0.008,0.008,50,826,320,536,19,24,62.29
37000,Autumn,0,2960.8,78.46,58.57,0.197,0.388,0.108,0.453,0.0,0.0,0.0,0.0,0.94,0.69,0.023,0.025,31,851,176,536,20,24,61.72
37100,Autumn,100,2946.9,83.62,150.0,0.08,0.0,0.246,0.696,0.0,0.0,0.0,0.0,1.0,0.04,0.03,0.031,41,876,180,550,20,24,50.99
37200,Autumn,200,2945.3,33.48,148.06,0.631,0.0,0.0,0.364,0.0,0.0,0.013,0.0,1.0,0.65,0.025,0.026,50,912,182,552,20,24,70.04
37300,Autumn,300,2935.2,132.29,150.0,0.0,0.0,0.523,0.558,0.0,0.0,0.0,0.0,0.45,1.0,0.03,0.036,18,964,100,552,21,24,32.14
37400,Autumn,400,2935.0,113.15,100.34,0.0,0.0,0.467,0.943,0.0,0.0,0.0,0.0,1.0,0.0,0.066,0.068,36,979,102,558,21,24,35.36
37500,Winter,0,2902.1,104.8,104.71,0.0,0.0,0.302,0.768,0.0,0.0,0.0,0.0,1.0,0.33,0.074,0.074,47,1034,107,569,21,24,46.1
37600,Winter,100,2825.6,99.24,118.83,0.284,0.0,0.047,0.24,0.0,0.0,0.0,0.0,1.0,0.49,0.054,0.054,59,1059,111,574,21,24,63.98
37700,Winter,200,2747.3,86.54,89.16,0.0,0.115,0.108,0.28,0.0,0.0,0.0,0.0,1.0,1.0,0.042,0.042,69,1103,114,574,21,24,62.13
37800,Winter,300,2679.3,46.54,91.27,0.511,0.0,0.0,0.278,0.0,0.0,0.029,0.0,1.0,1.0,0.024,0.024,77,1130,120,576,21,24,66.22
37900,Winter,400,2611.2,9.84,85.49,0.878,0.023,0.003,0.718,0.0,0.0,0.092,0.0,1.0,0.53,0.022,0.022,87,1152,122,578,21,24,50.0
38000,Spring,0,2550.2,80.78,103.57,0.005,0.0,0.242,0.423,0.0,0.0,0.0,0.0,0.95,0.69,0.021,0.028,10,1172,68,587,22,24,49.98
38100,Spring,100,2618.7,93.45,143.94,0.0,0.0,0.112,0.374,0.0,0.0,0.0,0.0,1.0,0.73,0.03,0.032,20,1194,77,593,22,24,63.81
38200,Spring,200,2685.0,43.75,100.2,0.511,0.0,0.151,0.502,0.0,0.0,0.012,0.0,1.0,1.0,0.021,0.022,26,1231,81,593,22,24,52.7
38300,Spring,300,2730.9,96.22,103.03,0.0,0.0,0.171,0.636,0.0,0.0,0.013,0.0,1.0,0.09,0.044,0.044,40,1256,86,599,22,24,57.14
38400,Spring,400,2775.2,124.2,60.49,0.0,0.385,0.255,0.512,0.477,0.0,0.0,0.0,0.08,0.06,0.002,0.015,7,1278,47,611,23,24,58.18
38500,Summer,0,2815.1,149.77,148.65,0.0,0.0,0.469,0.734,0.0,0.0,0.0,0.0,1.0,0.73,0.064,0.069,35,1332,54,612,23,24,36.06
38600,Summer,100,2902.5,89.07,150.0,0.094,0.0,0.125,0.43,0.0,0.0,0.0,0.0,1.0,0.84,0.064,0.066,49,1378,58,614,23,24,60.42
38700,Summer,200,2950.6,148.35,150.0,0.0,0.0,0.631,0.809,0.0,0.0,0.0,0.0,1.0,1.0,0.105,0.105,80,1443,69,621,23,24,24.7
38800,Summer,300,2935.2,150.0,108.38,0.0,0.0,0.857,0.991,0.0,0.0,0.0,0.0,0.96,0.0,0.251,0.254,145,1483,133,626,23,24,13.15
38900,Summer,400,2968.2,148.41,107.47,0.0,0.0,0.589,0.998,0.0,0.0,0.0,0.0,1.0,0.0,0.275,0.274,194,1503,156,632,23,24,30.53
39000,Autumn,0,3002.0,150.0,90.57,0.0,0.0,0.408,0.87,0.0,0.0,0.0,0.0,1.0,0.0,0.194,0.193,247,1521,165,650,23,24,43.83
39100,Autumn,100,2990.1,68.05,111.71,0.058,0.0,0.232,0.699,0.0,0.0,0.0,0.0,1.0,0.0,0.108,0.108,269,1539,165,668,23,24,52.47
39200,Autumn,200,2976.9,84.76,94.1,0.137,0.0,0.193,0.683,0.0,0.0,0.0,0.0,0.63,0.0,0.024,0.061,12,1559,90,687,24,24,54.78
39300,Autumn,300,2964.5,145.38,94.37,0.0,0.0,0.356,0.759,0.0,0.0,0.0,0.0,0.24,0.0,0.011,0.036,10,1579,53,707,25,24,47.01
39400,Autumn,400,2949.3,92.52,150.0,0.236,0.0,0.237,0.615,0.0,0.0,0.0,0.0,1.0,0.16,0.046,0.055,29,1609,54,718,25,24,52.63
39500,Winter,0,2933.8,88.01,150.0,0.0,0.0,0.575,0.672,0.0,0.0,0.0,0.0,1.0,0.66,0.071,0.074,44,1668,56,718,25,24,28.86
39600,Winter,100,2857.9,80.71,149.2,0.154,0.0,0.24,0.383,0.0,0.0,0.0,0.0,1.0,0.46,0.065,0.066,57,1696,62,723,25,24,49.2
39700,Winter,200,2775.4,98.31,150.0,0.0,0.0,0.117,0.326,0.0,0.0,0.0,0.0,1.0,1.0,0.058,0.058,69,1742,66,725,25,24,59.91
39800,Winter,300,2687.5,144.98,147.62,0.0,0.0,0.242,0.447,0.0,0.0,0.0,0.0,0.3,1.0,0.011,0.034,19,1784,57,726,26,24,52.35
39900,Winter,400,2610.4,90.66,109.18,0.0,0.0,0.205,0.334,0.0,0.0,0.0,0.0,1.0,1.0,0.046,0.054,28,1826,62,734,26,24,57.01
40000,Spring,0,2546.9,79.11,143.13,0.006,0.0,0.376,0.608,0.0,0.0,0.011,0.0,1.0,0.99,0.038,0.041,39,1858,69,735,26,24,43.0
40100,Spring,100,2608.7,140.2,119.29,0.0,0.0,0.598,0.981,0.0,0.0,0.0,0.0,0.4,0.0,0.047,0.059,18,1874,54,740,27,24,29.07
40200,Spring,200,2617.5,133.0,95.22,0.0,0.0,0.503,0.979,0.0,0.0,0.0,0.0,1.0,0.0,0.098,0.102,70,1894,103,748,27,24,34.0
40300,Spring,300,2635.5,130.9,149.7,0.0,0.0,0.365,0.576,0.0,0.0,0.0,0.0,1.0,0.17,0.117,0.119,103,1931,126,763,27,24,44.78
40400,Spring,400,2679.1,78.77,150.0,0.015,0.0,0.487,0.866,0.0,0.0,0.0,0.0,1.0,0.06,0.078,0.078,116,1946,129,774,27,24,33.11
40500,Summer,0,2714.6,141.27,114.29,0.0,0.0,0.374,0.81,0.0,0.0,0.0,0.0,1.0,0.0,0.071,0.071,133,1975,136,780,27,24,43.97
40600,Summer,100,2791.6,138.09,150.0,0.0,0.0,0.302,0.471,0.0,0.0,0.0,0.0,1.0,0.45,0.087,0.087,168,2012,144,783,27,24,49.65
40700,Summer,200,2842.6,87.39,146.94,0.0,0.0,0.119,0.335,0.0,0.0,0.0,0.0,1.0,1.0,0.057,0.057,175,2067,146,787,27,24,60.96
40800,Summer,300,2902.1,150.0,94.07,0.0,0.0,0.247,0.467,0.761,0.0,0.0,0.0,0.09,0.45,0.002,0.028,9,2103,78,787,28,24,60.75
40900,Summer,400,2948.4,62.27,107.59,0.362,0.0,0.136,0.381,0.0,0.0,0.0,0.0,1.0,0.85,0.03,0.04,29,2154,90,787,28,24,55.01
41000,Autumn,0,2968.3,140.48,150.0,0.0,0.0,0.506,0.645,0.0,0.0,0.005,0.0,1.0,1.0,0.08,0.084,55,2237,104,787,28,24,35.06
41100,Autumn,100,2954.2,78.36,53.4,0.068,0.178,0.484,0.914,0.0,0.0,0.004,0.0,1.0,0.14,0.079,0.08,76,2272,111,787,28,24,35.36
41200,Autumn,200,2934.2,46.1,150.0,0.52,0.0,0.206,0.563,0.0,0.0,0.004,0.0,1.0,0.25,0.07,0.07,92,2303,117,796,28,24,48.92
41300,Autumn,300,2911.3,88.0,134.6,0.0,0.0,0.279,0.495,0.0,0.0,0.229,0.0,1.0,0.65,0.054,0.054,110,2349,128,804,28,24,51.08
41400,Autumn,400,2903.0,85.2,150.0,0.009,0.0,0.25,0.445,0.0,0.0,0.226,0.0,1.0,1.0,0.043,0.043,123,2406,133,804,28,24,51.11
41500,Winter,0,2834.1,149.58,148.59,0.0,0.0,0.931,0.959,0.0,0.0,0.205,0.0,0.94,0.89,0.231,0.239,158,2482,164,819,28,24,7.0
41600,Winter,100,2735.1,145.8,144.29,0.0,0.0,0.855,0.816,0.0,0.0,0.185,0.0,0.23,0.22,0.612,0.61,199,2504,207,825,28,24,24.7
41700,Winter,200,2658.9,97.22,119.06,0.0,0.0,0.958,0.49,0.0,0.0,0.168,0.0,0.0,1.0,0.289,0.289,209,2548,217,825,28,24,34.71
41800,Winter,300,2587.1,94.18,150.0,0.0,0.0,0.984,0.524,0.0,0.0,0.152,0.0,0.02,1.0,0.175,0.175,230,2575,231,827,28,24,31.91
41900,Winter,400,2518.4,111.25,112.64,0.118,0.0,0.805,0.314,0.0,0.0,0.137,0.0,0.01,1.0,0.124,0.124,250,2606,241,827,28,24,47.85
42000,Spring,0,2445.1,95.03,149.54,0.0,0.0,0.988,0.802,0.0,0.0,0.124,0.0,0.0,1.0,0.128,0.128,269,2637,260,827,28,24,15.13
42100,Spring,100,2503.0,103.63,147.33,0.0,0.0,0.749,0.279,0.0,0.0,0.112,0.0,0.0,1.0,0.118,0.118,288,2673,279,827,28,24,48.17
42200,Spring,200,2554.9,98.06,96.8,0.0,0.0,0.442,0.0,0.0,0.0,0.102,0.0,0.0,1.0,0.067,0.067,307,2691,297,827,28,24,68.41
42300,Spring,300,2590.7,89.41,147.85,0.0,0.0,0.767,0.43,0.0,0.0,0.092,0.0,0.0,0.12,0.036,0.008,326,7,316,413,28,25,44.18
42400,Spring,400,2623.6,107.73,110.63,0.0,0.0,0.861,0.382,0.0,0.0,0.083,0.0,0.0,1.0,0.057,0.047,344,32,334,419,28,25,40.01
42500,Summer,0,2660.7,93.93,134.47,0.0,0.0,0.911,0.431,0.0,0.0,0.075,0.0,0.0,1.0,0.077,0.074,362,48,352,422,28,25,39.0
42600,Summer,100,2740.3,92.25,142.35,0.0,0.0,0.919,0.432,0.0,0.0,0.068,0.0,0.0,1.0,0.085,0.084,380,72,370,425,28,25,37.54
42700,Summer,200,2798.6,147.45,108.51,0.0,0.0,0.342,0.099,0.0,0.0,0.062,0.0,0.61,1.0,0.072,0.071,424,92,384,425,28,25,61.27
42800,Summer,300,2874.5,150.0,3.51,0.0,0.837,0.555,0.111,0.0,0.0,0.056,0.156,0.95,1.0,0.025,0.024,455,108,386,425,28,25,37.64
42900,Summer,400,2929.7,110.36,79.54,0.068,0.19,0.596,0.105,0.0,0.0,0.05,0.0,0.27,0.97,0.038,0.03,486,16,399,212,28,26,61.52
43000,Autumn,0,2970.3,142.86,148.8,0.0,0.0,0.683,0.38,0.0,0.0,0.046,0.0,0.26,0.14,0.017,0.007,525,10,408,108,28,27,48.47
43100,Autumn,100,2960.8,109.68,80.61,0.0,0.0,0.675,0.233,0.0,0.0,0.041,0.008,0.0,1.0,0.028,0.025,545,18,421,110,28,27,53.6
43200,Autumn,200,2942.6,86.52,150.0,0.059,0.0,0.974,0.545,0.0,0.0,0.037,0.007,0.0,1.0,0.062,0.061,564,37,439,117,28,27,29.61
43300,Autumn,300,2931.7,145.68,50.49,0.0,0.476,0.523,0.097,0.0,0.0,0.034,0.006,0.22,1.0,0.061,0.06,595,51,452,122,28,27,57.94
43400,Autumn,400,2932.0,150.0,97.65,0.0,0.0,0.352,0.393,0.0,0.0,0.031,0.0,0.5,0.1,0.03,0.006,637,3,454,62,28,28,49.2
43500,Winter,0,2929.9,108.05,123.67,0.0,0.0,0.514,0.211,0.0,0.607,0.028,0.0,0.64,0.08,0.021,0.003,664,2,453,30,28,29,63.25
43600,Winter,100,2839.9,150.0,78.71,0.0,0.088,0.377,0.036,0.0,0.0,0.025,0.0,0.42,1.0,0.026,0.02,700,22,462,41,28,29,67.01
43700,Winter,200,2763.8,150.0,46.3,0.0,0.489,0.502,0.102,0.0,0.0,0.023,0.009,0.31,1.0,0.021,0.018,726,30,462,46,28,29,56.73
43800,Winter,300,2693.5,99.15,96.6,0.231,0.0,0.667,0.23,0.0,0.0,0.021,0.012,0.01,1.0,0.027,0.026,738,40,471,46,28,29,53.0
43900,Winter,400,2593.7,150.0,90.17,0.0,0.0,0.715,0.497,0.0,0.0,0.019,0.011,0.67,1.0,0.088,0.089,808,52,520,48,28,29,33.84
44000,Spring,0,2511.1,138.36,83.99,0.0,0.143,0.634,0.253,0.0,0.0,0.017,0.01,0.78,1.0,0.073,0.073,863,64,543,54,28,29,49.09
44100,Spring,100,2566.7,129.86,52.86,0.0,0.454,0.609,0.122,0.0,0.0,0.015,0.009,0.37,1.0,0.053,0.052,893,71,553,57,28,29,55.9
44200,Spring,200,2621.6,106.45,95.52,0.084,0.03,0.715,0.248,0.0,0.0,0.014,0.0,0.01,0.67,0.042,0.025,912,13,570,30,28,30,51.89
44300,Spring,300,2670.3,148.5,91.87,0.0,0.0,0.293,0.196,0.0,0.0,0.012,0.052,0.72,1.0,0.03,0.024,952,22,576,36,28,30,54.71
44400,Spring,400,2715.7,142.6,120.7,0.0,0.0,0.725,0.315,0.0,0.0,0.011,0.047,0.62,1.0,0.042,0.04,989,32,576,42,28,30,47.54
44500,Summer,0,2715.1,150.0,150.0,0.0,0.0,0.773,0.67,0.0,0.0,0.01,0.043,1.0,0.99,0.133,0.133,1062,59,627,56,28,30,24.41
44600,Summer,100,2735.7,109.78,148.47,0.0,0.0,0.992,0.61,0.0,0.0,0.009,0.039,0.0,1.0,0.2,0.2,1095,132,660,124,28,30,29.7
44700,Summer,200,2779.2,100.9,149.94,0.0,0.0,0.943,0.48,0.0,0.0,0.008,0.035,0.0,1.0,0.182,0.182,1111,194,676,159,28,30,38.64
44800,Summer,300,2842.2,105.14,114.03,0.0,0.0,0.844,0.369,0.0,0.0,0.008,0.032,0.0,1.0,0.11,0.11,1132,226,694,159,28,30,40.45
44900,Summer,400,2900.3,102.83,150.0,0.0,0.0,0.996,0.562,0.0,0.0,0.007,0.029,0.0,1.0,0.127,0.127,1150,274,711,160,28,30,31.14
45000,Autumn,0,2942.2,109.71,143.48,0.0,0.0,0.999,0.682,0.0,0.0,0.006,0.026,0.0,1.0,0.207,0.207,1183,326,716,176,28,30,25.5
45100,Autumn,100,2906.1,102.37,147.04,0.153,0.0,0.977,0.833,0.0,0.0,0.006,0.023,0.01,0.78,0.401,0.403,1200,382,730,201,28,30,18.11
45200,Autumn,200,2875.4,97.92,150.0,0.0,0.0,0.998,0.645,0.0,0.0,0.005,0.021,0.0,1.0,0.303,0.303,1220,431,745,234,28,30,26.93
45300,Autumn,300,2862.9,87.52,114.34,0.0,0.0,0.999,0.986,0.0,0.0,0.005,0.019,0.0,0.0,0.828,0.834,1244,451,757,250,28,30,5.0
45400,Autumn,400,2845.2,150.0,82.01,0.0,0.115,0.8,0.986,0.0,0.0,0.004,0.017,0.12,0.0,0.947,0.941,1288,464,774,263,28,30,21.21
45500,Winter,0,2808.8,136.88,108.81,0.0,0.0,0.734,0.997,0.0,0.0,0.004,0.016,0.58,0.0,0.563,0.564,1352,484,813,271,28,30,22.09
45600,Winter,100,2732.7,138.5,83.93,0.0,0.036,0.739,0.997,0.0,0.0,0.003,0.014,0.96,0.0,0.423,0.422,1382,502,817,288,28,30,21.38
45700,Winter,200,2655.7,104.41,133.89,0.0,0.0,0.684,0.998,0.0,0.0,0.003,0.013,1.0,0.04,0.353,0.352,1410,530,832,301,28,30,25.5
45800,Winter,300,2592.7,98.61,99.34,0.0,0.0,0.311,0.794,0.0,0.0,0.003,0.012,1.0,0.0,0.186,0.185,1431,554,834,309,28,30,47.43
45900,Winter,400,2522.5,96.05,110.39,0.0,0.0,0.487,0.94,0.0,0.0,0.003,0.011,1.0,0.03,0.118,0.118,1444,575,837,327,28,30,31.78
46000,Spring,0,2459.6,142.98,97.5,0.0,0.0,0.862,0.998,0.0,0.0,0.002,0.01,0.63,0.0,0.375,0.373,1461,593,844,343,28,30,16.16
46100,Spring,100,2530.4,146.73,85.39,0.0,0.112,0.808,0.988,0.0,0.0,0.002,0.009,0.15,0.0,0.684,0.682,1470,613,846,352,28,30,21.19
46200,Spring,200,2573.3,148.35,87.58,0.0,0.0,0.776,0.999,0.0,0.0,0.002,0.008,0.94,0.0,0.402,0.403,1510,633,860,366,28,30,18.36
46300,Spring,300,2611.3,118.4,150.0,0.0,0.0,0.294,0.579,0.0,0.0,0.002,0.007,1.0,0.89,0.211,0.211,1541,681,871,368,28,30,47.01
46400,Spring,400,2656.7,141.4,95.85,0.0,0.005,0.957,0.99,0.0,0.0,0.002,0.006,0.76,0.0,0.407,0.413,1574,702,880,373,28,30,7.81
46500,Summer,0,2685.8,150.0,128.41,0.0,0.0,0.811,0.998,0.0,0.0,0.001,0.006,0.22,0.0,0.645,0.645,1612,723,888,386,28,30,20.22
46600,Summer,100,2716.3,150.0,150.0,0.0,0.0,0.684,0.887,0.0,0.0,0.001,0.005,1.0,0.54,0.444,0.445,1702,784,888,393,28,30,22.47
46700,Summer,200,2755.7,145.41,109.87,0.0,0.0,0.491,0.948,0.0,0.0,0.001,0.005,1.0,0.0,0.286,0.285,1772,795,890,404,28,30,35.23
46800,Summer,300,2783.9,150.0,101.59,0.0,0.243,0.463,0.901,0.0,0.0,0.001,0.004,1.0,0.01,0.171,0.171,1828,815,890,423,28,30,36.67
46900,Summer,400,2826.7,139.23,102.55,0.0,0.0,0.299,0.78,0.0,0.0,0.001,0.004,1.0,0.0,0.113,0.113,1865,834,890,441,28,30,47.13
47000,Autumn,0,2871.4,145.07,109.78,0.0,0.0,0.377,0.83,0.0,0.0,0.001,0.003,1.0,0.0,0.086,0.086,1902,851,890,458,28,30,42.8
47100,Autumn,100,2841.3,150.0,104.92,0.0,0.208,0.506,0.946,0.0,0.0,0.001,0.003,1.0,0.01,0.102,0.102,1942,869,898,476,28,30,33.24
47200,Autumn,200,2828.5,92.81,109.9,0.053,0.164,0.293,0.757,0.0,0.0,0.001,0.003,1.0,0.01,0.077,0.077,1979,886,898,489,28,30,47.17
47300,Autumn,300,2803.2,150.0,104.76,0.0,0.0,0.616,0.99,0.0,0.0,0.001,0.003,1.0,0.0,0.108,0.108,2021,907,899,504,28,30,27.29
47400,Autumn,400,2783.6,121.99,107.71,0.0,0.168,0.619,0.972,0.0,0.0,0.001,0.002,1.0,0.01,0.181,0.181,2060,928,902,518,28,30,28.79
47500,Winter,0,2740.3,150.0,150.0,0.0,0.0,0.629,0.862,0.0,0.0,0.001,0.002,1.0,0.35,0.162,0.164,2109,975,913,544,28,30,24.08
47600,Winter,100,2654.7,150.0,118.13,0.0,0.0,0.871,0.995,0.0,0.0,0.0,0.002,0.58,0.0,0.394,0.396,2165,1005,914,560,28,30,15.23
47700,Winter,200,2553.3,150.0,89.76,0.0,0.0,0.52,0.981,0.0,0.0,0.0,0.002,1.0,0.0,0.31,0.308,2245,1023,915,572,28,30,34.0
47800,Winter,300,2478.4,150.0,85.53,0.0,0.0,0.771,0.98,0.0,0.0,0.0,0.002,1.0,0.02,0.192,0.194,2276,1046,917,585,28,30,14.32
47900,Winter,400,2400.9,86.98,97.04,0.048,0.0,0.421,0.884,0.0,0.0,0.0,0.001,1.0,0.0,0.214,0.212,2326,1067,919,604,28,30,42.0
48000,Spring,0,2334.8,99.31,141.48,0.0,0.0,0.799,0.998,0.0,0.0,0.0,0.001,1.0,0.22,0.486,0.477,2349,1109,920,616,28,30,20.62
48100,Spring,100,2400.1,121.53,103.88,0.0,0.0,0.992,0.999,0.0,0.0,0.0,0.001,0.06,0.0,0.959,0.962,2372,1125,919,625,28,30,9.22
48200,Spring,200,2430.9,150.0,89.27,0.0,0.056,0.572,0.995,0.0,0.0,0.0,0.001,1.0,0.0,0.49,0.487,2431,1141,935,642,28,30,32.65
48300,Spring,300,2451.5,150.0,84.97,0.0,0.0,0.84,0.998,0.0,0.0,0.0,0.001,1.0,0.0,0.403,0.404,2492,1160,938,661,28,30,16.49
48400,Spring,400,2479.0,133.0,107.01,0.0,0.0,0.409,0.874,0.0,0.0,0.0,0.001,1.0,0.0,0.238,0.237,2539,1180,947,680,28,30,41.23
48500,Summer,0,2515.6,107.67,98.44,0.0,0.0,0.593,0.996,0.0,0.0,0.0,0.001,1.0,0.0,0.171,0.171,2561,1198,947,698,28,30,27.8
48600,Summer,100,2610.1,148.47,92.6,0.0,0.0,0.607,0.974,0.0,0.0,0.0,0.001,1.0,0.0,0.214,0.214,2616,1222,951,710,28,30,27.51
48700,Summer,200,2674.9,139.11,149.73,0.0,0.0,0.713,0.595,0.0,0.0,0.0,0.001,1.0,0.52,0.249,0.248,2674,1275,955,731,28,30,32.25
48800,Summer,300,2724.1,149.73,142.71,0.0,0.0,0.955,0.981,0.0,0.0,0.0,0.001,0.44,0.29,0.546,0.554,2718,1314,962,760,28,30,9.85
48900,Summer,400,2792.8,148.55,150.0,0.0,0.0,0.999,0.837,0.0,0.0,0.0,0.001,0.01,0.12,0.965,0.963,2724,1338,965,773,28,30,19.42
49000,Autumn,0,2800.8,149.67,150.0,0.0,0.0,0.881,0.679,0.0,0.0,0.0,0.0,0.37,0.4,0.491,0.49,2767,1404,967,834,28,30,23.02
49100,Autumn,100,2768.6,138.73,141.42,0.0,0.0,0.997,0.986,0.0,0.0,0.0,0.0,0.0,0.29,0.794,0.793,2800,1462,972,874,28,30,6.0
49200,Autumn,200,2766.5,150.0,102.17,0.0,0.0,1.0,0.998,0.0,0.0,0.0,0.0,0.03,0.0,0.999,0.998,2814,1474,979,885,28,30,10.05
49300,Autumn,300,2718.9,150.0,104.87,0.0,0.0,0.404,0.862,0.0,0.0,0.0,0.0,0.97,0.0,0.474,0.471,2905,1499,997,898,28,30,41.34
49400,Autumn,400,2681.9,101.04,148.82,0.0,0.0,0.975,0.958,0.0,0.0,0.0,0.0,0.27,0.12,0.799,0.809,2961,1531,997,906,28,30,12.53
49500,Winter,0,2650.9,148.92,137.37,0.0,0.0,0.998,0.997,0.0,0.0,0.0,0.0,0.07,0.0,0.914,0.914,2989,1588,999,912,28,30,8.06
49600,Winter,100,2555.9,150.0,147.48,0.0,0.0,0.994,0.997,0.0,0.0,0.0,0.0,0.18,0.0,0.914,0.909,3012,1635,1006,915,28,30,14.32
49700,Winter,200,2461.9,100.56,150.0,0.0,0.0,0.994,0.834,0.0,0.0,0.0,0.0,0.0,0.37,0.87,0.875,3051,1676,1012,922,28,30,18.36
49800,Winter,300,2347.3,150.0,145.24,0.0,0.0,0.477,0.304,0.0,0.0,0.0,0.0,0.58,1.0,0.397,0.398,3089,1749,1015,924,28,30,49.37
49900,Winter,400,2253.7,143.68,133.34,0.0,0.0,0.456,0.221,0.0,0.0,0.0,0.0,0.74,1.0,0.186,0.187,3142,1781,1016,924,28,30,52.39
50000,Spring,0,2192.9,150.0,67.38,0.0,0.309,0.494,0.249,0.0,0.0,0.0,0.0,1.0,1.0,0.096,0.096,3197,1796,1016,924,28,30,46.32
50100,Spring,100,2212.4,150.0,132.8,0.0,0.0,0.666,0.423,0.0,0.0,0.0,0.0,1.0,1.0,0.088,0.088,3265,1823,1018,924,28,30,36.67
50200,Spring,200,2240.8,88.93,150.0,0.0,0.0,0.989,0.773,0.0,0.0,0.0,0.0,0.0,1.0,0.203,0.205,3293,1875,1043,925,28,30,19.85
50300,Spring,300,2277.1,108.12,150.0,0.0,0.0,0.999,0.713,0.0,0.0,0.0,0.0,0.0,1.0,0.219,0.221,3311,1934,1055,930,28,30,23.26
50400,Spring,400,2305.8,148.73,142.4,0.0,0.0,0.586,0.371,0.0,0.0,0.0,0.0,0.4,1.0,0.221,0.221,3349,1991,1056,932,28,30,44.78
50500,Summer,0,2329.8,148.47,150.0,0.0,0.0,0.728,0.512,0.0,0.0,0.0,0.0,1.0,1.0,0.162,0.163,3424,2044,1058,932,28,30,32.57
50600,Summer,100,2414.3,150.0,105.03,0.0,0.0,0.474,0.296,0.0,0.0,0.0,0.0,0.73,1.0,0.117,0.116,3472,2076,1062,932,28,30,47.38
50700,Summer,200,2505.6,150.0,143.88,0.0,0.0,0.637,0.284,0.0,0.0,0.0,0.0,0.29,1.0,0.088,0.088,3509,2102,1063,932,28,30,48.09
50800,Summer,300,2593.2,149.0,119.88,0.0,0.0,0.901,0.455,0.0,0.0,0.0,0.0,0.04,1.0,0.077,0.077,3533,2121,1066,932,28,30,35.23
50900,Summer,400,2655.7,127.2,150.0,0.0,0.0,0.99,0.742,0.0,0.0,0.0,0.0,0.0,1.0,0.185,0.186,3584,2172,1070,937,28,30,21.59
51000,Autumn,0,2712.8,89.33,150.0,0.0,0.0,0.998,0.752,0.0,0.0,0.0,0.0,0.0,1.0,0.256,0.258,3609,2242,1076,939,28,30,21.26
51100,Autumn,100,2685.3,118.31,143.5,0.0,0.0,0.995,0.721,0.0,0.0,0.0,0.0,0.0,1.0,0.225,0.226,3625,2289,1081,970,28,30,19.42
51200,Autumn,200,2666.3,150.0,150.0,0.0,0.0,0.893,0.742,0.0,0.0,0.0,0.0,0.3,1.0,0.255,0.256,3671,2335,1089,976,28,30,19.42
51300,Autumn,300,2660.5,142.3,146.26,0.0,0.0,0.985,0.673,0.0,0.0,0.0,0.0,0.07,1.0,0.264,0.263,3707,2370,1102,979,28,30,27.17
51400,Autumn,400,2653.5,112.18,133.64,0.0,0.0,0.997,0.948,0.0,0.0,0.0,0.0,0.0,1.0,0.353,0.354,3739,2410,1102,988,28,30,13.34
51500,Winter,0,2613.8,147.02,150.0,0.0,0.0,0.892,0.763,0.0,0.0,0.0,0.0,0.29,0.99,0.298,0.3,3793,2458,1104,1000,28,30,16.49
51600,Winter,100,2486.4,144.88,150.0,0.0,0.0,0.757,0.591,0.0,0.0,0.0,0.0,0.87,1.0,0.233,0.236,3852,2541,1116,1006,28,30,30.02
51700,Winter,200,2381.9,143.28,150.0,0.0,0.0,0.991,0.962,0.0,0.0,0.0,0.0,0.22,0.79,0.388,0.392,3891,2591,1134,1006,28,30,10.82
51800,Winter,300,2279.2,89.5,150.0,0.0,0.0,0.997,0.893,0.0,0.0,0.0,0.0,0.0,0.95,0.483,0.487,3907,2653,1150,1038,28,30,14.14
51900,Winter,400,2201.1,140.34,102.19,0.0,0.0,0.999,0.989,0.0,0.0,0.0,0.0,0.0,0.58,0.836,0.837,3940,2681,1158,1046,28,30,6.32
52000,Spring,0,2136.3,150.0,144.72,0.0,0.0,0.629,0.815,0.0,0.0,0.0,0.0,0.07,0.25,0.674,0.675,3964,2706,1175,1055,28,30,31.02
52100,Spring,100,2205.1,118.77,77.61,0.0,0.212,0.461,0.894,0.0,0.0,0.0,0.0,0.89,0.26,0.3,0.301,3984,2735,1191,1054,28,30,34.01
52200,Spring,200,2248.4,150.0,150.0,0.0,0.0,0.914,0.942,0.0,0.0,0.0,0.0,1.0,1.0,0.447,0.449,4029,2791,1193,1056,28,30,18.03
52300,Spring,300,2267.5,112.9,150.0,0.0,0.0,0.584,0.762,0.0,0.0,0.0,0.0,1.0,1.0,0.242,0.243,4069,2874,1193,1059,28,30,28.43
52400,Spring,400,2286.2,95.9,148.3,0.0,0.0,0.339,0.533,0.0,0.0,0.0,0.0,1.0,1.0,0.153,0.153,4097,2942,1194,1069,28,30,47.04
52500,Summer,0,2326.5,150.0,111.56,0.0,0.0,0.876,0.928,0.0,0.0,0.0,0.0,0.06,0.42,0.023,0.088,6,2980,598,1069,29,30,15.0
52600,Summer,100,2396.5,148.92,82.84,0.0,0.0,0.973,0.995,0.0,0.0,0.0,0.0,0.0,0.0,0.41,0.437,66,2999,614,1080,29,30,11.18
52700,Summer,200,2471.3,150.0,100.89,0.0,0.0,0.615,0.992,0.0,0.0,0.0,0.0,0.27,0.01,0.446,0.452,111,3024,635,1087,29,30,30.68
52800,Summer,300,2535.5,150.0,123.3,0.0,0.0,0.629,0.998,0.0,0.0,0.0,0.0,1.0,0.0,0.284,0.285,181,3048,641,1087,29,30,26.87
52900,Summer,400,2591.8,146.58,92.6,0.0,0.0,0.512,0.979,0.0,0.0,0.0,0.0,1.0,0.0,0.184,0.184,239,3067,642,1095,29,30,34.71
53000,Autumn,0,2652.4,150.0,150.0,0.0,0.0,0.783,0.92,0.0,0.0,0.0,0.0,1.0,0.28,0.307,0.309,301,3109,647,1100,29,30,20.25
53100,Autumn,100,2619.0,134.29,150.0,0.0,0.0,0.786,0.377,0.0,0.0,0.0,0.0,0.86,1.0,0.181,0.182,349,3181,653,1100,29,30,41.59
53200,Autumn,200,2592.5,146.48,150.0,0.0,0.0,0.702,0.379,0.0,0.0,0.0,0.0,0.17,1.0,0.11,0.11,372,3244,659,1100,29,30,39.56
53300,Autumn,300,2582.5,143.23,145.52,0.0,0.0,0.972,0.639,0.0,0.0,0.0,0.0,0.0,1.0,0.119,0.12,393,3296,663,1100,29,30,23.0
53400,Autumn,400,2579.7,104.39,149.26,0.0,0.0,0.756,0.325,0.0,0.0,0.0,0.0,0.23,1.0,0.105,0.105,425,3335,665,1100,29,30,45.18
53500,Winter,0,2568.1,146.67,146.27,0.0,0.0,0.795,0.655,0.0,0.0,0.0,0.0,0.49,1.0,0.122,0.123,463,3381,672,1100,29,30,21.47
53600,Winter,100,2486.0,89.32,149.48,0.054,0.0,0.991,0.754,0.0,0.0,0.0,0.0,0.0,1.0,0.225,0.227,479,3446,676,1101,29,30,18.03
53700,Winter,200,2417.0,88.95,143.24,0.164,0.0,0.93,0.452,0.0,0.0,0.0,0.0,0.01,1.0,0.158,0.158,499,3484,679,1103,29,30,37.59
53800,Winter,300,2335.9,96.77,42.05,0.028,0.333,0.399,0.0,0.0,0.0,0.0,0.002,0.33,1.0,0.082,0.081,535,3505,685,1103,29,30,73.0
53900,Winter,400,2274.1,103.85,133.99,0.0,0.0,0.764,0.328,0.0,0.0,0.0,0.0,0.0,0.5,0.053,0.023,552,11,699,551,29,31,46.69
54000,Spring,0,2215.2,81.15,126.25,0.075,0.0,0.759,0.281,0.0,0.0,0.0,0.0,0.01,1.0,0.053,0.042,572,23,714,552,29,31,49.01
54100,Spring,100,2281.8,88.97,150.0,0.0,0.0,0.974,0.528,0.0,0.0,0.0,0.004,0.0,1.0,0.072,0.068,587,40,722,554,29,31,33.02
54200,Spring,200,2307.2,115.2,143.2,0.0,0.0,0.953,0.479,0.0,0.0,0.0,0.004,0.0,1.0,0.136,0.135,607,86,734,574,29,31,36.06
54300,Spring,300,2346.1,95.45,143.5,0.0,0.0,0.941,0.468,0.0,0.0,0.0,0.003,0.0,1.0,0.136,0.136,628,120,750,579,29,31,36.72
54400,Spring,400,2383.7,95.58,150.0,0.0,0.0,0.998,0.61,0.0,0.0,0.0,0.003,0.0,1.0,0.161,0.161,646,157,760,587,29,31,26.83
54500,Summer,0,2415.5,90.54,116.87,0.034,0.0,0.998,0.56,0.0,0.0,0.0,0.003,0.0,1.0,0.18,0.18,664,201,778,598,29,31,31.83
54600,Summer,100,2508.8,89.97,150.0,0.0,0.0,0.999,0.704,0.0,0.0,0.0,0.003,0.0,1.0,0.23,0.232,681,253,795,605,29,31,24.04
54700,Summer,200,2587.4,150.0,137.7,0.0,0.0,0.598,0.421,0.0,0.0,0.0,0.002,0.21,1.0,0.187,0.186,715,299,809,624,29,31,42.19
54800,Summer,300,2639.5,140.82,128.4,0.0,0.0,0.57,0.352,0.0,0.0,0.0,0.002,1.0,1.0,0.127,0.126,786,341,822,624,29,31,45.49
54900,Summer,400,2720.9,132.03,138.75,0.0,0.0,0.972,0.509,0.0,0.0,0.0,0.002,0.0,1.0,0.107,0.108,807,368,827,624,29,31,33.73
55000,Autumn,0,2746.7,150.0,119.0,0.0,0.0,0.436,0.323,0.0,0.0,0.0,0.002,0.39,1.0,0.126,0.125,857,418,835,624,29,31,47.51
55100,Autumn,100,2699.1,150.0,127.21,0.0,0.0,0.611,0.435,0.0,0.0,0.0,0.002,1.0,1.0,0.11,0.109,932,444,840,624,29,31,39.56
55200,Autumn,200,2704.0,106.9,112.08,0.22,0.0,0.777,0.34,0.0,0.0,0.0,0.001,0.01,1.0,0.084,0.084,944,470,851,624,29,31,45.54
55300,Autumn,300,2671.2,80.42,148.15,0.036,0.0,0.985,0.839,0.0,0.0,0.0,0.001,0.0,0.99,0.29,0.291,981,517,862,637,29,31,16.28
55400,Autumn,400,2662.2,150.0,150.0,0.0,0.0,0.703,0.574,0.0,0.0,0.0,0.001,0.45,1.0,0.199,0.198,1021,547,868,648,29,31,32.65
55500,Winter,0,2627.2,92.63,150.0,0.0,0.0,0.991,0.555,0.0,0.0,0.0,0.001,0.0,1.0,0.171,0.17,1051,597,872,661,29,31,33.02
55600,Winter,100,2525.5,99.56,145.23,0.0,0.0,0.998,0.881,0.0,0.0,0.0,0.001,0.0,0.82,0.386,0.387,1079,656,874,683,29,31,15.56
55700,Winter,200,2456.4,144.43,107.02,0.0,0.149,0.806,0.976,0.0,0.0,0.0,0.001,0.84,0.02,0.541,0.538,1138,663,883,688,29,31,20.52
55800,Winter,300,2387.0,126.19,117.27,0.0,0.0,0.806,0.972,0.0,0.0,0.0,0.001,1.0,0.13,0.558,0.553,1164,680,890,701,29,31,20.88
55900,Winter,400,2325.4,124.54,101.93,0.0,0.0,0.971,0.994,0.0,0.0,0.0,0.013,0.5,0.0,0.522,0.524,1179,695,891,718,29,31,11.18
56000,Spring,0,2261.5,150.0,78.78,0.0,0.131,0.519,0.942,0.0,0.0,0.0,0.012,0.48,0.0,0.503,0.5,1215,712,892,734,29,31,36.69
56100,Spring,100,2321.8,150.0,147.72,0.0,0.0,0.752,0.981,0.0,0.0,0.0,0.01,0.99,0.28,0.31,0.309,1260,736,898,746,29,31,16.4
56200,Spring,200,2327.2,150.0,104.4,0.0,0.0,0.907,0.994,0.0,0.0,0.0,0.009,0.41,0.0,0.431,0.43,1304,785,932,780,29,31,12.81
56300,Spring,300,2333.5,149.1,83.02,0.0,0.038,0.853,0.997,0.0,0.0,0.0,0.009,0.94,0.0,0.499,0.498,1388,805,952,791,29,31,17.2
56400,Spring,400,2360.9,141.83,116.02,0.0,0.0,0.666,0.632,0.0,0.0,0.0,0.008,0.87,0.31,0.473,0.477,1456,836,980,795,29,31,34.99
56500,Summer,0,2383.7,123.17,150.0,0.0,0.0,0.699,0.862,0.0,0.0,0.0,0.007,1.0,1.0,0.276,0.278,1500,914,984,804,29,31,20.88
56600,Summer,100,2470.8,110.1,142.35,0.0,0.0,0.162,0.305,0.0,0.0,0.0,0.006,1.0,1.0,0.166,0.167,1528,991,986,804,29,31,57.31
56700,Summer,200,2558.6,60.24,95.51,0.382,0.0,0.205,0.708,0.0,0.0,0.0,0.006,1.0,0.08,0.09,0.09,1537,1021,986,804,29,31,51.97
56800,Summer,300,2611.9,129.24,150.0,0.0,0.0,0.531,0.689,0.0,0.0,0.149,0.005,1.0,0.66,0.067,0.068,1564,1089,989,831,29,31,31.0
56900,Summer,400,2644.8,150.0,146.94,0.0,0.0,0.342,0.536,0.0,0.0,0.135,0.005,1.0,1.0,0.102,0.101,1613,1168,1003,838,29,31,48.88
57000,Autumn,0,2716.4,137.51,77.0,0.0,0.157,0.208,0.678,0.0,0.0,0.122,0.004,1.0,0.01,0.069,0.069,1641,1184,1003,842,29,31,54.64
57100,Autumn,100,2707.3,55.51,88.6,0.341,0.02,0.116,0.624,0.0,0.0,0.112,0.004,1.0,0.0,0.042,0.041,1648,1212,1005,846,29,31,57.28
57200,Autumn,200,2704.2,35.91,109.17,0.615,0.0,0.119,0.581,0.0,0.0,0.125,0.003,1.0,0.09,0.035,0.035,1670,1233,1007,853,29,31,50.61
57300,Autumn,300,2686.2,138.3,150.0,0.0,0.0,0.317,0.476,0.0,0.0,0.0,0.003,0.8,1.0,0.041,0.051,28,1311,503,853,30,31,47.42
57400,Autumn,400,2685.5,45.91,132.13,0.282,0.0,0.0,0.239,0.0,0.0,0.001,0.003,1.0,1.0,0.033,0.037,36,1372,505,853,30,31,75.07
57500,Winter,0,2688.1,106.26,150.0,0.0,0.0,0.229,0.568,0.0,0.0,0.0,0.003,0.73,0.88,0.022,0.034,7,1406,255,854,31,31,51.62
57600,Winter,100,2618.9,60.97,132.05,0.299,0.0,0.022,0.272,0.0,0.0,0.0,0.002,1.0,0.8,0.025,0.029,14,1438,257,856,31,31,65.22
57700,Winter,200,2552.9,147.62,140.48,0.0,0.0,0.482,0.656,0.0,0.0,0.0,0.002,1.0,1.0,0.049,0.05,33,1477,261,857,31,31,33.97
57800,Winter,300,2464.4,150.0,90.58,0.0,0.0,0.967,0.985,0.0,0.0,0.0,0.002,1.0,0.1,0.353,0.356,86,1521,274,864,31,31,10.82
57900,Winter,400,2368.9,150.0,90.3,0.0,0.0,0.569,0.998,0.0,0.0,0.0,0.002,0.68,0.0,0.385,0.381,138,1540,324,881,31,31,33.06
58000,Spring,0,2296.4,96.05,126.51,0.023,0.0,0.299,0.431,0.0,0.0,0.0,0.002,1.0,0.87,0.221,0.219,163,1583,347,889,31,31,48.51
58100,Spring,100,2362.8,85.05,132.6,0.133,0.0,0.242,0.676,0.0,0.0,0.0,0.001,1.0,0.84,0.112,0.112,173,1615,350,889,31,31,51.26
58200,Spring,200,2419.2,88.51,88.99,0.033,0.0,0.426,0.906,0.0,0.0,0.0,0.001,1.0,0.0,0.075,0.075,189,1637,353,900,31,31,38.08
58300,Spring,300,2467.6,141.3,101.36,0.0,0.0,0.976,0.997,0.0,0.0,0.0,0.001,0.39,0.0,0.42,0.424,217,1656,359,911,31,31,10.0
58400,Spring,400,2501.2,132.9,104.0,0.0,0.0,0.997,0.999,0.0,0.0,0.0,0.001,0.0,0.0,1.0,1.0,234,1675,376,925,31,31,4.0
58500,Summer,0,2547.6,150.0,105.12,0.0,0.0,0.998,0.999,0.0,0.0,0.0,0.001,0.02,0.0,0.975,0.976,250,1686,392,933,31,31,11.66
58600,Summer,100,2595.5,145.14,87.84,0.0,0.0,0.979,0.999,0.0,0.0,0.0,0.001,0.18,0.02,0.741,0.745,316,1707,464,942,31,31,8.6
58700,Summer,200,2658.1,94.78,150.0,0.0,0.0,0.998,0.818,0.0,0.0,0.0,0.001,0.0,0.81,0.711,0.713,326,1794,474,963,31,31,19.42
58800,Summer,300,2716.4,92.02,150.0,0.07,0.0,0.995,0.841,0.0,0.0,0.0,0.001,0.0,0.78,0.572,0.57,344,1863,492,981,31,31,16.49
58900,Summer,400,2754.0,149.46,150.0,0.0,0.0,0.701,0.244,0.0,0.0,0.0,0.001,0.0,1.0,0.355,0.352,364,1934,510,997,31,31,54.41
59000,Autumn,0,2816.8,147.51,81.92,0.0,0.036,0.584,0.121,0.0,0.0,0.0,0.001,0.22,1.0,0.156,0.155,404,1955,512,997,31,31,57.87
59100,Autumn,100,2804.8,149.67,137.38,0.0,0.0,0.789,0.321,0.0,0.0,0.0,0.001,0.06,1.0,0.087,0.087,428,1990,527,997,31,31,44.28
59200,Autumn,200,2794.9,105.79,150.0,0.0,0.0,0.808,0.322,0.0,0.0,0.0,0.0,0.0,1.0,0.07,0.07,444,2027,541,998,31,31,46.27
59300,Autumn,300,2780.9,108.12,147.39,0.0,0.0,0.982,0.907,0.0,0.0,0.0,0.0,0.0,1.0,0.193,0.194,480,2073,548,999,31,31,13.04
59400,Autumn,400,2763.4,96.23,137.3,0.0,0.0,0.685,0.197,0.0,0.0,0.0,0.0,0.0,1.0,0.129,0.129,499,2131,566,1000,31,31,56.32
59500,Winter,0,2758.4,103.85,128.18,0.0,0.0,0.862,0.402,0.0,0.0,0.0,0.0,0.0,1.0,0.096,0.096,519,2165,577,1000,31,31,39.29
59600,Winter,100,2682.0,104.1,78.22,0.0,0.165,0.928,0.447,0.0,0.0,0.0,0.0,0.01,1.0,0.101,0.1,538,2189,595,1001,31,31,36.24
59700,Winter,200,2590.7,150.0,114.3,0.0,0.0,0.656,0.444,0.0,0.0,0.0,0.0,0.69,1.0,0.095,0.095,588,2230,606,1001,31,31,37.34
59800,Winter,300,2502.0,140.38,116.84,0.0,0.0,0.566,0.205,0.0,0.0,0.0,0.0,0.89,1.0,0.074,0.073,637,2260,608,1002,31,31,53.71
59900,Winter,400,2437.6,105.74,102.06,0.137,0.0,0.638,0.157,0.0,0.0,0.0,0.0,0.01,1.0,0.06,0.06,659,2277,614,1002,31,31,56.3
60000,Spring,0,2378.8,95.42,82.51,0.248,0.0,0.637,0.173,0.0,0.0,0.0,0.001,0.01,1.0,0.043,0.043,677,2296,627,1006,31,31,57.38
60100,Spring,100,2439.4,91.0,119.6,0.0,0.0,0.886,0.423,0.0,0.0,0.0,0.002,0.0,1.0,0.039,0.039,696,2309,637,1012,31,31,38.28
60200,Spring,200,2495.3,83.38,125.03,0.0,0.0,0.913,0.452,0.0,0.0,0.0,0.002,0.0,1.0,0.077,0.077,715,2342,643,1012,31,31,36.88
60300,Spring,300,2525.8,100.31,150.0,0.229,0.0,0.949,0.569,0.0,0.0,0.0,0.002,0.01,1.0,0.135,0.135,734,2406,651,1012,31,31,30.61
60400,Spring,400,2555.3,147.9,148.3,0.0,0.0,0.686,0.227,0.0,0.0,0.0,0.002,0.0,1.0,0.084,0.083,754,2438,666,1012,31,31,53.6
60500,Summer,0,2550.9,99.17,150.0,0.0,0.0,0.992,0.944,0.0,0.0,0.0,0.002,0.0,0.88,0.272,0.27,772,2498,675,1014,31,31,12.37
60600,Summer,100,2606.5,83.59,150.0,0.03,0.0,0.997,0.65,0.0,0.0,0.0,0.002,0.0,1.0,0.264,0.262,790,2561,692,1036,31,31,26.93
60700,Summer,200,2653.5,90.9,149.73,0.0,0.0,0.997,0.573,0.0,0.0,0.0,0.001,0.0,0.98,0.21,0.21,812,2625,702,1084,31,31,31.05
60800,Summer,300,2713.8,103.73,150.0,0.0,0.0,0.929,0.475,0.0,0.0,0.0,0.001,0.0,1.0,0.209,0.208,831,2681,721,1096,31,31,39.29
60900,Summer,400,2737.7,150.0,150.0,0.0,0.0,0.62,0.528,0.0,0.0,0.0,0.001,0.7,1.0,0.143,0.143,902,2734,744,1096,31,31,31.91
61000,Autumn,0,2750.5,148.13,150.0,0.0,0.0,0.718,0.405,0.0,0.0,0.0,0.001,0.77,1.0,0.137,0.137,965,2809,758,1098,31,31,42.76
61100,Autumn,100,2728.1,150.0,150.0,0.0,0.0,0.85,0.617,0.0,0.0,0.0,0.001,0.24,1.0,0.131,0.133,992,2863,769,1098,31,31,26.0
